13941
30955
72081
63313
34591
77755
23151
9537
40872
12697
93409
72516
72328
83597
85163
9123
24230
25884
68343
62774
57625
53286
91519
55181
85652
11032
10014
1000
84490
74207
88100
60168
31253
37657
88228
61515
17137
6677
42273
24647
5334
413
10567
90930
75241
92699
4999
12717
125
56904
39017
36840
24624
73406
4044
88076
49061
43507
73326
90740
80009
47417
78260
32867
64589
44991
83217
48188
73926
94
51034
47165
84705
51477
16688
13642
88091
63840
29540
11115
42990
55068
46365
87783
18701
96363
15439
5148
86775
85674
42967
56091
4219
38289
23539
70182
16488
29027
34246
20826
59649
66356
47500
90351
23072
51736
83181
84464
71184
21050
91908
84932
3897
55664
72228
28695
12190
43962
96243
10481
65099
30620
13761
87361
80732
5542
55048
45973
53037
67160
86251
54252
29211
45666
18921
73124
90973
91608
72798
42944
93372
10607
97911
73233
79836
80766
42421
14330
86726
11900
58982
87941
78846
83683
62882
48134
61328
55034
78916
65047
2972
85197
23946
94127
38788
5870
64216
48884
32075
25335
25581
60917
73613
23630
15986
33944
51511
81112
41178
32944
48743
2122
46317
56099
87966
90302
58374
92031
55245
92293
99798
6272
70091
61705
84352
46086
21015
38365
19963
20122
72562
20060
94472
27762
91895
64912
84430
70614
82505
97895
69209
91215
390
46108
93853
7298
26732
27597
60427
8309
71248
79451
58365
62739
3163
44091
35948
25792
25352
60599
62958
12650
61738
60920
28786
73337
67350
23479
81111
33365
67477
39054
82703
90979
86931
60567
53640
31572
59100
46801
78515
15598
25570
99874
25929
18636
61538
47369
63738
60320
93800
49473
69545
88142
8047
81114
54097
43145
55432
31936
10024
35948
3912
73488
4143
45399
35953
31493
8641
17963
98366
41981
17972
95667
77565
69775
60850
48416
93364
57070
93288
1579
49734
98093
63188
4856
93807
29720
91643
31410
13575
14513
72664
40081
5260
98499
19821
87139
51718
66207
26208
18145
75518
41446
40556
68154
34430
22899
19858
7031
63175
93847
14813
9516
27296
41816
79575
70234
57055
3512
73807
95443
48647
444
17643
39493
48436
65015
29684
98647
6564
12719
44539
15192
20987
96774
79115
21078
4942
20934
30395
16764
73793
32378
29837
80888
29138
30142
28885
48231
9594
84063
18249
28582
55743
33317
80561
86963
96745
60036
52767
66219
29865
62679
54336
46454
79220
1571
4221
36469
33747
19159
86537
99738
19488
70097
90445
36460
6046
98175
54009
824
4892
35391
81584
95986
9676
26754
30667
88169
99665
35465
33516
60846
55166
44619
62490
10557
79617
88985
48735
32533
89221
25521
14352
44039
55552
71444
90162
33453
91388
42379
49747
1282
24133
55904
80666
84701
40556
88560
74061
64656
66837
98217
17209
55387
3080
61040
2281
4403
96099
98157
28049
24430
91900
42061
69992
69934
47602
49336
10879
79391
36844
35674
28513
34827
36909
64309
67727
66451
18408
33575
87552
14451
91565
28288
89106
88696
49993
85575
11065
58693
31176
46347
3713
98254
98056
43308
35630
67942
82328
82246
89763
86696
73595
26478
8066
64339
47872
17748
21404
94095
64218
16304
25870
40664
92215
59202
40520
33950
14820
18235
42267
2495
62409
76923
98219
75979
76148
97353
77377
9803
8475
59059
13055
56572
27164
7016
92990
89050
41886
16597
52162
73522
8966
74726
19708
93913
13437
15344
53594
59371
26110
7804
39342
60875
80497
31753
65186
42877
69552
53388
22818
78095
77393
91139
19768
72321
88605
20142
61679
62524
40624
65389
53390
11494
72482
10726
25592
33268
2275
72978
7564
19873
3768
27436
76822
9270
83909
17354
97516
57878
9412
39170
51152
26253
25774
85802
956
66758
45253
56587
10364
68028
95580
19119
47823
43867
21022
58896
60324
44404
73069
92874
52152
91164
97705
89778
43271
55768
57792
16896
1982
89428
57098
15206
28746
47936
70449
36870
28328
80627
92755
46067
22256
85412
44242
30748
69291
51443
4675
90106
46409
54625
42648
42137
11505
87462
34174
20657
1675
30890
75616
19608
1415
2739
2790
43844
9838
11815
24620
84973
21551
86257
72897
88491
87327
59671
46868
89788
92502
79463
29169
38747
31876
86663
56642
58506
23289
15069
9866
26442
86251
19423
44331
94570
26131
61593
59755
87936
75974
95256
33161
82882
83654
23795
60940
6201
91785
63548
62034
12657
18980
53179
12726
18761
52989
73695
99107
1918
75579
25215
29817
6828
47528
52874
86957
67101
11995
1237
22991
80448
75095
90549
10036
1083
35396
76859
21744
66933
67744
25353
56139
95632
82622
99233
45481
83809
43346
90241
41950
19831
94383
23069
23354
33088
62507
93612
65448
50670
68023
48459
71994
89808
95900
40589
97964
94168
98892
34669
34363
68915
58699
2039
66654
3974
89291
97085
8861
95967
16542
31818
48709
24750
12928
92842
14948
32577
14420
86913
48022
10754
82235
82732
65482
59487
97704
28842
42214
32513
69682
95660
39821
79037
83472
74342
44182
87990
54193
71833
99609
8487
31298
45240
90916
66005
92003
78150
58694
73481
63116
97308
95704
260
8629
23759
65815
25117
80999
6152
55618
97790
77782
90961
97737
62425
44279
11904
97287
91321
59515
57081
24142
70335
40354
5323
92342
46602
98706
20158
34782
82459
43793
4764
90122
1051
90051
40990
7297
30847
89818
28755
93712
38223
98771
32917
80472
83079
56438
54913
86543
29047
7043
81219
81358
90523
72535
18629
81659
8478
93133
4239
43677
15246
88159
69464
14830
90447
51070
89745
43741
63303
77532
21862
91774
36807
53194
62305
40638
67250
94272
51319
36883
28241
76394
57415
21365
67123
51154
49010
21424
74593
82269
64282
12120
1396
80382
20622
43746
62215
42767
63208
37571
65525
54874
56126
28048
35936
60068
61239
1908
13714
25514
95483
60610
67259
67371
14990
33605
91806
83925
15099
26666
60793
88464
89622
68817
15457
6637
79198
1117
3777
57943
43284
2362
65379
62130
11404
80510
71456
68023
66938
73237
5794
96677
59659
22936
18139
6366
91131
78389
93751
43782
24410
60272
79197
97881
6570
36514
21832
21393
29124
60323
57502
33736
40274
90465
43121
51877
26782
22426
28945
82806
4718
71709
75055
71411
73474
53289
21558
12036
67739
34555
19905
67411
88192
66937
79156
67303
65262
55890
76081
13388
46965
43277
76713
48454
16369
18392
48370
83547
79186
76691
32395
56291
429
37596
93716
33912
83751
