41646
33910
44561
31276
53711
90419
49684
93539
9872
10811
7809
71240
77323
28551
22289
19381
9856
42003
67110
81967
81217
77368
14295
37926
75458
58037
63639
4232
323
36792
91335
77410
3240
38426
400
24283
45973
43613
5379
28000
74024
83786
90764
83756
35435
93793
37452
41565
25922
99811
31954
16438
12236
72397
42395
71025
1120
58429
53497
28100
207
30114
98220
97061
61707
27662
30734
69662
67068
93488
4564
89484
3721
26835
48416
73099
3600
17244
91079
2190
4440
14572
58634
15657
69207
88862
84751
68902
59276
60157
38820
86205
44083
90218
63206
51037
4716
33576
91501
77745
83276
55752
1889
88344
84397
3213
89282
97674
96988
70562
37721
99639
16851
56971
37278
48350
13178
32923
4405
46723
13401
15642
82219
30368
4325
3415
15174
10657
98582
15396
63090
95807
96101
50409
58867
2154
76641
78918
12417
38934
81870
36528
44454
80562
60723
19535
90061
96805
67697
97570
72057
50422
66691
77909
59782
54578
43772
68139
2051
68416
66193
47857
17331
3263
57617
13021
82463
15192
90197
16301
4589
64894
77099
55714
21777
83368
40240
32370
27512
60717
38311
98642
25228
90262
39244
19844
91548
97389
89132
40316
4361
91414
67479
118
98742
79246
6855
76495
25062
68878
21969
11741
58340
13986
47964
41136
61177
17279
11051
98233
24091
89254
88449
43807
41571
15886
73719
16163
36270
8947
46727
74657
50063
18976
53682
70604
55202
709
5343
35957
13615
51457
97608
1308
4679
81708
67414
40107
74429
41335
32145
84130
52592
37857
28954
56793
43940
83010
99979
57527
91382
35614
43357
89398
60497
39558
58275
35033
46522
93582
83172
57722
3530
55368
99392
27425
6159
19626
51245
14676
19127
66395
82017
32098
69904
4109
58543
4992
8286
44677
84215
16442
37404
29224
79856
50110
16231
30013
70258
16706
45759
67199
20180
46347
18562
5875
50280
79827
38058
30799
69061
48340
72347
91848
97927
5269
23044
37729
93910
46866
21169
18122
55514
61858
87024
84519
69713
14534
47160
65595
80798
83071
49148
85507
51571
84683
80108
47637
55093
2644
89336
24915
43458
5566
58735
40607
99041
77884
96449
80909
77179
96697
99209
46441
64022
19438
55753
45617
36537
34220
72065
58607
36221
93501
94420
21175
59031
39888
96709
77776
95648
58230
51785
13067
54759
4491
433
4462
57149
85456
93102
74340
91185
66535
79026
7068
59438
91823
26236
98700
32046
37643
55452
10227
90661
16210
3325
21307
28782
33284
74448
47624
7683
49870
61737
47121
41041
72436
20732
39854
26040
95103
12874
7161
27584
70260
76124
39132
23450
83111
75014
85636
24669
64442
20025
7980
65546
19327
70954
5420
52308
98047
56936
33849
95489
64198
55028
4762
95431
74700
30947
4394
29879
80113
70535
83047
73491
10143
96541
14811
95372
32958
73256
6782
67972
47776
36453
63299
93275
59445
40599
87240
94493
93235
59128
2770
70203
46400
82776
90345
25488
96055
44170
54691
99957
99901
61012
52609
11311
71408
6171
52779
98791
13762
71292
24610
74238
96622
98570
57917
92122
59843
18173
4192
51975
48988
84494
25016
92990
51793
64892
82375
83061
50724
9782
32670
63717
27734
43374
53212
94723
81970
91827
61811
31119
95320
44021
75001
77788
61302
98326
14990
35877
31468
83649
2826
7553
73791
15901
41545
73310
96477
29239
45265
36052
11537
87466
26086
17871
90718
56864
1154
46507
25466
4294
96203
71676
69073
54353
45104
79426
17781
14657
78922
84817
59793
56563
3951
6307
76686
12392
11562
10894
3419
34056
20798
71906
62927
19620
92999
48954
8390
57651
40749
76466
55067
46706
13870
18657
66897
92802
77949
98360
14753
40482
9126
83245
45181
72222
8337
3728
32960
7813
55066
69279
74272
38320
23603
73452
78515
25186
15980
71436
60925
90830
70451
7309
48049
31531
60878
84505
2453
80229
7759
6990
99520
82420
16734
74517
43603
25513
66512
71328
43216
6589
25433
57253
71831
90679
33076
74169
58826
53601
98273
16963
19684
75468
91989
14896
73326
94166
88519
52165
59287
62462
52108
49860
46094
81902
3674
42889
57550
26092
55428
34306
96564
94535
53051
7207
50203
91931
61671
8845
85850
79209
81374
10038
22616
49001
15561
10056
87530
4310
91921
6053
61180
94322
61945
77236
39262
85849
82440
67517
56774
81117
96295
17001
32148
59744
96197
65968
88218
72563
94967
19232
15749
66632
24466
38905
24180
34984
40161
94283
37060
83302
16212
10358
50661
50403
99111
11333
74989
25737
52015
54323
21381
74211
53812
38799
91732
14840
80939
18025
1006
30632
70244
93696
5694
63767
69656
36622
30554
24148
53777
20164
15250
56311
72529
18413
52422
76768
3453
93760
40663
23064
59105
86440
63047
95709
73465
19371
86531
89915
82813
48050
11208
69048
53163
77491
35044
77184
59294
77453
98535
73001
2223
18115
40384
99411
67538
19278
69125
22723
25017
50515
85112
19140
92327
80528
97400
30997
991
82585
77187
13515
98376
94464
35708
60214
37472
47067
99565
44671
54919
63713
79741
8537
38312
17821
32781
80405
71497
61390
64859
10219
34723
85582
56766
2952
54946
26204
32966
86317
80072
94002
87921
94345
42615
7945
30017
99412
2318
2593
56955
35061
25708
93508
8908
49048
45012
47758
64231
8924
86111
27726
63517
28719
97135
95456
21970
81904
73302
79956
4156
25451
79346
76706
6433
6524
44315
31530
23337
64957
76568
18056
72789
72440
88979
93256
35837
83039
17528
81482
47669
15971
24144
28946
60661
9887
98030
13001
33949
34426
99813
67365
17959
54508
90355
28173
27192
19769
30924
88303
7017
22079
47826
38787
26118
82267
80789
48832
44422
47712
408
87857
95966
87893
7156
58227
11010
17408
86888
99539
6752
5192
40212
14980
62723
86884
95648
38336
33458
95554
44446
68347
90223
6439
47876
16801
22207
37942
96182
8944
82286
95279
20003
2294
55475
14686
50050
31261
10584
51074
61645
92557
72358
51446
60007
80798
75539
8123
573
16596
90165
35167
59403
94566
11742
86095
37781
83863
52323
79870
84891
76677
63966
37683
74649
9345
16211
78590
40119
15636
21721
33836
9100
29188
7649
90709
19206
17967
49677
61708
94016
96401
7344
31188
78950
74442
78495
63729
21515
19955
11767
95804
99238
53823
47425
12073
65397
36699
34178
15153
90630
89114
60614
16058
79031
24240
49149
15922
54428
85867
56299
51861
52931
3414
10964
62874
80347
38752
80150
99543
17810
92241
14493
96869
49104
70561
15667
86560
39645
43726
11847
25664
29717
65925
39416
13197
10070
33958
97517
59376
59083
78622
48407
3956
25309
16623
75051
74233
11252
31737
90658
90239
34506
99717
97814
5859
65371
88793
67416
80448
20840
27487
79127
8351
25239
31334
67720
42490
28187
1600
99872
79217
54298
14365
4312
66982
19382
31548
93301
51904
50608
17898
60518
71557
35707
47131
46105
27809
19261
71199
3569
85575
97629
51480
174
40701
93136
72729
95590
70979
90002
98940
1163
14873
43536
1904
28034
29453
1023
10352
48605
5600
1915
54256
8970
45893
11780
47859
21590
54641
61974
17388
23330
73720
20175
77669
84886
68245
37644
39635
75551
14690
42746
37871
32735
4131
8318
36800
93257
55016
90592
7672
97384
5567
5634
20622
74537
22279
62292
9567
16820
76387
68649
6884
24230
35465
17367
15822
32467
23396
91446
16349
42657
52122
1505
65608
53445
5040
67084
40583
5395
48373
70372
77094
249
7529
15140
10576
8635
31809
89315
49815
19159
99752
54146
64955
72631
3472
63350
50715
1395
63680
14212
27695
77501
68173
4799
62630
57283
31333
37540
41363
97518
6975
99007
69315
10108
26894
318
40675
69582
34187
24526
56512
17744
4690
39235
37285
87981
45990
15433
64974
48128
67395
19673
78208
91147
35853
9438
53654
82635
69057
70739
44846
18542
46831
25364
17866
32286
57996
52195
11951
22668
71150
24357
84279
82789
5923
24024
38891
9787
41666
76604
83695
90567
12215
83354
54590
36905
30604
13589
67610
1857
31794
55046
56788
79916
2854
46379
78313
31235
87230
22360
57185
81046
22286
24904
64881
19801
46875
42312
77045
34869
71861
78270
40461
7724
2885
68928
41528
49427
58448
76779
57073
94443
13286
64386
22230
51679
11963
3562
71793
19823
8044
7984
17936
54840
34384
32429
42172
16943
21983
98282
83264
13606
4921
14591
78722
99925
91264
944
61914
98492
6122
1573
9496
41806
49829
60182
86752
63005
37580
35600
28924
58679
60066
26377
26246
78319
54317
52539
50234
65367
69529
15839
84853
38513
74441
3498
34633
4211
82183
86669
3031
94666
80324
65317
92723
70195
5210
30602
82308
83261
77035
4947
513
57748
82988
5103
20697
41778
48754
48471
25047
92477
76810
92326
42071
74905
30258
47568
41408
26116
32495
24878
87392
76979
33987
12760
13245
83352
13918
51522
59374
48386
24322
72657
13714
91184
99614
79061
89704
16202
13024
61758
58663
98894
87655
67844
88059
45337
31569
89189
39726
88078
68882
66958
86846
47193
9261
7862
19058
28872
88118
2592
1615
93202
20654
29467
5288
26519
91435
47693
37816
15762
61327
71067
58461
17022
95506
98549
92344
5983
66759
12484
34604
86019
2713
51607
78658
39296
5771
43617
27637
48072
92462
96060
74655
90406
68330
96531
69783
57240
45710
95211
37549
92652
54070
86230
93941
35071
46263
40941
89729
40754
31399
88458
63028
85287
34252
72192
77332
50562
83964
47189
74828
7291
17558
72055
57194
8145
78336
90515
58977
84744
95404
55699
43042
288
55325
74641
35556
52273
63425
17890
15162
92559
18951
34688
21330
22112
39443
16224
79558
45711
9556
70689
31109
89471
23002
37256
86747
25776
21788
96355
10063
79249
51366
96914
73577
61029
84781
63758
52148
21905
14391
57090
37332
68419
16271
21500
18207
93000
97638
18491
32945
24611
42691
14844
97262
32680
96161
44025
17852
85169
51794
88458
84787
75629
83479
13804
97022
43976
87208
58663
29103
53295
79334
6315
44705
59914
26328
37660
36125
66736
59942
40033
29706
68124
63940
63572
56431
32881
36150
56303
47959
61324
23975
17674
38287
9910
78876
65707
79440
41996
20008
26077
29693
21652
41044
20005
23960
15178
28402
74280
69778
44077
49310
49181
86991
42305
73702
78558
1688
82508
19796
55397
72139
53067
7796
77855
14462
13859
911
37287
83172
18926
28828
72565
96163
89592
19299
75771
46269
85220
22907
37113
16794
42529
87465
65265
44520
33894
51849
99064
62340
84424
51560
71784
57086
46027
16567
46881
38972
31994
37369
80584
31889
77632
27838
33705
10575
19104
48723
2712
18938
39823
85578
68161
51785
22065
16424
30949
63134
48547
60741
14624
61631
37881
53193
18373
72157
71393
81072
79470
82491
7982
55039
3132
43828
58403
82900
72744
70320
63220
48133
75670
22514
87191
7183
72135
45994
62342
36008
64165
43283
8796
5764
76620
88583
89687
60558
97410
42936
21797
7006
77112
61089
56557
4286
56969
60578
40903
67429
69983
65208
82278
10046
9850
19390
64727
10582
45999
97769
38028
11236
1698
70763
52240
51751
8294
35317
98073
59741
83063
50550
61097
47699
39071
85842
68596
7274
71226
46730
99611
29207
93532
80362
51216
75940
40795
96286
92660
25512
94158
39335
98725
76190
11754
14709
95164
18145
20934
28087
40597
19358
20360
39638
79888
79284
96045
51289
45211
37252
66372
24859
11367
51378
59372
6200
30861
59969
87957
26240
6572
89126
72504
97751
90096
93461
79061
74416
41751
82181
63764
21042
99833
75797
72107
54608
44308
83779
85587
47960
45101
9670
38313
4426
83485
49138
15556
48940
1952
71916
33446
32006
80195
16954
16768
52939
52183
11654
61687
4951
32876
69766
57214
41299
14512
24035
40533
24858
91536
1630
60547
69947
94122
35283
88245
62702
856
92481
48219
62714
78707
73258
75042
66090
89626
37929
7670
24594
50503
9616
49818
18964
26397
71937
3970
44287
61487
76699
97833
99921
43166
61557
6716
21868
73360
82790
22847
46579
25629
67209
38584
14711
64916
24821
96841
6618
60352
31337
48258
1932
17348
99140
58791
86714
57972
95705
2253
67008
9449
70331
57882
43802
58233
88783
11053
56936
41191
50514
21754
20105
78904
82676
10373
16007
84324
99058
51176
1743
78359
76971
11642
63158
30237
49290
15636
79077
38012
79205
37334
75511
76756
79287
51828
65717
72871
91775
30855
26841
28203
48443
42670
25621
33803
1087
10976
96344
31160
53720
54399
73239
46599
74892
15705
34
64674
94651
74422
97798
40505
23721
91976
42940
75531
93822
30441
58931
99549
8490
7696
46235
45334
67445
56706
22296
8389
73619
47164
69097
65393
98366
18982
88668
73194
85718
64766
3228
93584
81436
91678
50301
10918
53664
97026
69687
95479
50152
69420
74589
60064
37385
24296
37183
97384
33442
17293
34253
139
30351
10415
23540
39325
65917
64153
44753
82120
50287
3777
43501
71076
51906
94121
18419
72343
7474
64617
38756
68480
70161
77556
33997
16940
38480
30801
37030
30771
46419
14007
27517
76037
82583
92959
37956
39945
55498
28055
26343
6397
92372
13888
98417
54002
96819
15911
22020
46983
71336
79016
7444
15014
26922
50976
78364
94570
3103
58910
46096
59814
85308
47363
71714
44838
44333
76123
98835
83657
57127
65526
12862
2359
32766
46808
87227
98565
33645
87003
88875
4743
47026
40319
22847
82851
74008
45462
41591
10343
87063
75932
1512
48344
7882
54696
78327
76628
7518
5322
9488
21077
48755
55549
33092
43809
42576
22961
99011
25742
26698
14841
50309
72258
87897
23591
54042
2068
15964
60006
17170
87879
85982
64345
86919
75961
47418
83194
10848
20098
90155
40438
25875
58678
18577
14031
82604
32544
64667
79764
16069
19506
8204
32088
47459
5622
40474
80823
71265
10872
8941
59025
98362
58412
65163
16124
40239
85411
47504
96162
2767
73923
16636
41160
55549
62695
15765
15037
17797
86483
95893
41260
94141
33231
81224
80220
89879
397
58829
39108
59607
52157
56979
47017
12500
25718
96034
15258
37904
58386
12296
28730
57632
15437
64089
8898
58987
32907
96762
19599
67007
10472
63503
61553
74933
76151
93736
51786
1327
99323
28713
19127
9836
16141
2910
42212
7466
97387
40806
5706
29565
945
1961
94176
93348
42979
13070
19884
81568
78592
67655
40092
32014
98191
36663
41637
50226
33701
10599
11965
90601
90497
7454
35960
47940
20657
37177
55452
81362
21588
36427
24691
13112
56949
90521
29677
69310
78139
60975
64239
16131
18411
98191
85443
25596
76519
28226
5522
46362
69959
44685
96577
65841
94995
31115
91982
48296
76734
57698
54427
35546
25825
61591
32778
11759
98540
74209
12087
52525
17672
45088
77795
27838
86890
44151
92675
81100
41181
5427
84474
9495
73039
94936
6055
39155
33282
52657
71167
82646
14866
37356
98435
49853
49702
99861
69813
70446
2703
10972
73749
73167
5801
16966
52897
77647
33842
41217
62664
32056
5298
56922
873
13291
73685
77865
72423
99604
39817
53133
96003
90548
74928
83073
7678
26624
60561
41431
34960
31756
94501
86143
80375
86615
34435
14628
27389
7887
98788
23647
86646
54475
83455
20853
26398
74658
94055
60098
22592
66213
96473
97563
51957
45919
45199
41437
88393
35438
12376
56207
93866
84525
36264
92114
67910
42561
1687
47983
94097
70805
30364
6378
42204
66578
6296
76735
83734
54441
96733
71374
21834
41297
9381
83863
27549
40272
18024
30786
89538
74692
66383
18132
28979
41217
25740
57819
28983
15573
96598
21178
5767
82776
59533
44319
40948
55572
15317
91533
18102
84660
68245
63451
68808
29038
72534
47490
57935
72025
95936
3228
56975
22925
19428
63383
65840
35382
29425
37828
60278
97428
98713
48616
21543
34168
32865
43551
39421
36644
50430
33388
36981
65762
47521
8205
47613
55128
45922
35760
24729
86738
52038
47092
96683
62766
44916
17189
85372
34914
74075
98998
56667
93768
84888
54260
43425
84043
51009
29335
25880
2564
38803
45646
42739
39407
28705
59737
88676
52148
5406
45233
96431
45686
51900
36475
27810
14678
20798
9244
9952
99180
17093
71807
47057
7222
89629
871
23462
36636
46998
88185
55272
50164
58333
49582
99586
71280
62403
88937
85950
67689
64868
31826
52838
40996
11770
86592
80261
58314
17371
7374
71419
50078
11157
28981
70306
30380
83280
22323
27460
39495
18369
31133
47289
17378
26791
57882
61625
13805
6411
89315
88359
52592
92598
9648
4381
69678
21661
33684
19435
92224
5943
65230
68014
29808
76940
29745
17232
30797
12774
80446
38106
52912
97365
33849
42376
87981
51924
14468
19442
79750
68234
94382
61274
84668
26832
2828
3005
48376
27799
19615
32158
39081
85794
29595
10457
14609
46733
90979
12118
88914
46307
50232
93025
35328
56466
39081
44179
6151
93264
64339
1285
22389
83662
4975
20915
69071
10441
99053
53385
12221
78049
92697
57644
19939
92955
30609
57884
57169
37429
24414
87615
14981
65149
5785
51871
91902
17770
73255
67781
11143
44162
42617
54625
47869
81344
68528
30487
14893
13897
97055
71779
9112
14079
97693
1095
53127
86034
81558
39183
59900
39749
44096
43089
83025
1982
85504
82698
11207
13751
83551
60000
91898
23810
29543
21711
43897
74863
29095
63047
33726
78952
53269
60377
88618
73137
4996
2262
67643
42636
7601
93045
66446
92543
39294
41779
45437
36557
94208
73331
95365
20781
51486
52673
785
81854
58741
62395
7935
78432
60619
88137
48889
1677
38656
19011
39964
50132
92871
60722
43653
22627
14775
36660
12942
13180
47068
35405
67712
45283
86360
77987
83408
5315
66070
29697
45580
43785
41033
49610
4878
43119
22516
62810
62290
34242
65712
41878
54298
9337
26387
27697
84293
67727
71280
2237
44502
86912
41219
78856
78952
68785
62919
17134
75478
77803
83290
70624
14294
26923
62058
19737
59535
96757
97313
78038
47454
66052
28738
60478
91971
93615
94016
686
80990
62551
73592
87487
57973
83576
7486
62921
1388
48131
90119
7165
85746
54110
31370
53599
90733
21818
95277
98659
63922
43814
79296
30309
85982
59094
2408
32159
59953
58757
60581
54952
44677
58185
48850
3800
62570
32119
588
82663
31339
82015
28835
7569
99325
53685
78106
65699
17626
45239
63932
31809
18067
56760
5258
36699
24081
54603
48734
28386
75116
90089
52817
15211
80317
40761
92967
43933
76392
70272
97912
80045
55766
61995
7424
18960
21417
62919
29595
61563
8678
83659
91316
75958
80417
59294
59662
73172
7113
20030
38289
14881
69760
9379
27245
90980
86356
67742
42394
92450
16177
96598
95750
73852
38588
14160
4589
26891
40275
56372
87076
90149
15178
41718
93782
40104
30924
68457
59836
63569
37250
83991
36316
88432
83090
45611
32557
39461
17483
27357
13976
29415
73680
75194
71446
41695
36289
48211
66794
91054
5622
50330
93096
29749
6394
10049
3259
11202
29221
37765
28525
60052
82907
52510
14337
76053
73979
10633
37781
26528
20562
49682
58771
61300
32564
30040
71591
15710
97482
48354
6341
61157
75518
12265
76136
59472
85718
4849
85386
82259
3453
42897
31487
5507
54605
43000
4866
56480
18531
36802
25526
3276
81402
56993
75721
43266
98660
50
46343
19532
6177
96872
12127
9462
65727
46343
8689
75802
83370
36740
22713
69216
49745
84317
51367
4718
44787
51575
72833
42985
96012
30546
94854
40762
12433
63712
72765
82251
91702
62698
72102
54441
59408
99821
40009
48489
1412
98617
66638
81960
59367
75826
2182
55941
86834
7953
55720
70258
67742
42794
43073
34945
29423
95059
34779
22568
6404
77677
9116
13793
65514
97364
57036
11094
76751
12423
3947
62906
93343
35523
49389
30660
51117
30731
99532
55706
51360
82530
47541
78966
8844
37148
72860
76857
59204
32839
67146
94137
98515
24274
7190
30192
89087
79273
482
73065
15198
56595
2520
2804
99521
89288
84637
79498
10108
6675
924
88257
48857
38659
20795
69089
4422
92925
94798
90873
75822
35801
97848
92784
86497
43222
71543
63113
48902
89875
20169
12481
26328
24952
78065
85371
91736
63302
45362
19334
73544
29899
56699
64247
22689
65329
56222
81953
44913
87592
14834
64772
30731
24361
43181
87909
95287
32405
55079
57747
3468
9399
45953
90043
56453
45788
63843
94136
33250
17246
56668
44623
34123
44239
45719
56199
15214
5493
1310
64694
82802
64589
34894
90619
64904
73959
92159
95652
96093
96760
9733
39942
17045
77022
2042
90634
92696
34048
22098
89228
85797
16940
87987
36891
7737
48304
46799
93727
14002
84415
52820
72467
84879
55470
51217
31523
18854
25238
82489
32177
15544
35990
20507
17868
74287
20200
49883
17439
6359
49492
45536
49666
48871
13061
71164
43933
19792
1253
50967
97512
61314
37540
50956
40663
26152
96536
1739
18562
39206
68215
86262
96075
68779
16327
62734
42556
36040
44220
46865
62821
70656
60390
11224
96769
74250
8138
4584
53021
47439
40372
27970
39942
40962
83540
46889
77588
49782
3233
68652
21240
39894
63421
47438
61816
78188
81281
75924
82613
25318
93842
43759
50744
23053
46644
50625
393
56736
79564
90546
86753
64573
41976
1776
33014
73466
20798
42097
22180
33393
29029
60199
44980
37979
22760
880
50633
40948
66968
85224
84980
64836
26128
66085
1157
23167
61951
16126
38438
72078
80909
64085
51917
4422
65146
56424
17051
8578
26133
1854
5925
12772
31760
47787
60264
29390
2567
96246
93042
69639
82244
67392
28827
68886
98429
17935
15253
24250
95205
31488
56269
82173
25274
78888
12727
37923
39549
90237
28420
89663
11603
42084
79125
23659
80910
98473
56819
28494
25908
16986
68930
63577
81389
25265
45426
75170
90077
17516
16100
37874
67341
10060
86629
85029
75464
22778
12142
36060
64908
62959
31079
59870
62568
67914
83976
94885
71419
85431
86389
95338
85752
63989
42704
81885
63488
17387
14673
64175
30175
44603
73963
30085
51385
94758
581
18883
78454
77960
50266
26080
90565
47417
19002
17914
82764
39708
48288
65490
75214
94299
23796
52893
10183
88550
17698
2809
82973
64391
24642
88318
32155
4508
49001
46709
11638
72159
34220
44305
43011
39658
9786
40892
76378
28569
27801
13055
22304
13721
26123
45237
41431
78786
97214
95670
54967
48503
84657
77653
704
92238
39543
80351
28266
64460
8586
34463
92303
90782
88987
94442
48450
3153
7520
15837
23213
28300
924
93515
33950
9725
73348
37470
61001
64373
31649
59045
76117
4042
57521
28027
62186
93704
67145
10462
57064
27744
5897
71175
47093
23427
58367
91287
42634
74717
17792
54146
62561
56432
10010
27366
95877
7790
84115
46812
23324
65174
94315
42380
23160
63951
38419
80378
77768
86139
1651
15136
28761
41588
99531
42152
32928
94288
90627
87923
32991
93171
70185
88218
81447
92483
5145
20379
53843
70246
43018
3255
37391
22697
24605
27378
10870
6092
27461
36435
39696
19629
34341
63055
45057
36508
39580
70535
56086
90187
35717
57246
14115
98585
86598
55482
26335
49228
5029
27877
12675
47988
37042
60510
28034
18431
51009
91592
97605
538
61839
25262
96496
24764
55084
33453
71273
62017
8031
2798
24900
57575
13514
6607
54432
78369
79616
29782
8704
51461
33490
13144
36605
19499
79075
66828
13435
38190
27501
3167
77027
82389
91322
92792
27041
38152
81940
91119
78117
66045
17844
78946
80021
45752
16237
71788
95132
7868
76353
61108
65759
53682
12099
69732
47243
60336
85259
58895
97299
18639
39483
81689
36160
98032
29182
6171
45176
95053
28474
44795
33259
73662
61018
12751
15185
50677
95126
21913
44727
32764
15106
73436
81418
19194
68748
13555
11717
9141
53447
11112
19298
28242
53962
49772
86030
72591
92828
90893
33270
37109
36504
98276
34748
55829
71258
4884
68011
78018
93820
29437
53883
89681
98659
24373
20085
71231
13249
63302
25466
1244
8931
41927
41508
18863
47981
86373
42153
52147
42508
69360
28788
55843
93824
34028
33224
51138
40050
51076
39655
43154
70522
76868
57384
90654
22047
14556
34353
64952
14927
4873
36574
10220
25726
12531
49297
57076
37865
13348
53975
52712
98441
56277
70916
80960
48121
26675
39469
40346
82531
19137
17665
71490
97623
65247
32066
20740
54518
18113
73747
18386
25270
72638
11773
21759
10547
70486
22421
37712
4684
32327
83447
38287
87162
14553
80231
18856
89829
87033
29408
86511
16839
18163
68910
12553
67324
27607
46720
60052
71688
86724
43530
87847
141
86066
67957
1228
26467
55001
9722
64452
29494
32217
86765
65168
25067
6175
8725
15667
83123
41698
70262
71283
76606
92511
48792
87057
87921
54018
98543
71156
42236
45066
87402
37208
80944
88233
30364
2073
79012
52468
88627
74649
45745
20284
43508
26542
67364
19278
18217
85244
1621
49250
74742
75496
34996
13784
88086
24803
9034
59147
96177
66978
64329
2211
53232
36438
82079
54977
80343
65214
11799
27617
87803
62493
97470
93288
70398
16248
72909
60898
22058
91318
93132
27332
73256
87350
42552
25719
33806
30180
11279
7065
93714
80133
63314
49650
94568
60056
11619
2738
33216
298
99438
46874
55497
25002
83
38998
72669
45765
65169
59674
62685
67092
18518
38228
35817
48401
99855
47211
75021
52089
90717
36745
62126
88077
18807
10680
62596
62228
3632
70960
46649
39185
2787
9130
60538
75450
80068
97693
34511
37770
18756
13703
57180
10245
4433
83529
31491
26971
49744
65004
42600
91919
26767
95589
28661
98757
26866
32377
81131
61691
26772
64460
40360
13874
95841
52169
19710
41182
6512
19729
62776
22814
69611
80048
49638
65512
62754
3326
80818
57918
55470
76273
68339
28137
3892
23446
9151
70647
4559
23768
48672
59867
32066
56392
18294
33552
46024
11469
52859
26044
38493
56274
40858
88
72539
1888
48295
65378
45480
61454
65828
10537
56657
77111
7289
66231
75959
16319
7661
20594
78792
89006
20046
6270
98874
47237
66384
4109
5837
57745
29788
57814
24384
24158
53798
66116
39901
37491
82505
14741
23056
57425
93499
60775
84820
38537
58998
56641
98370
64047
88337
9585
79179
63541
59475
24384
31911
12134
754
71884
48101
58270
13301
82476
24575
38644
76110
31377
37705
72393
95314
83074
68199
44760
66879
76543
35691
18771
45784
15061
58894
94296
35371
10637
97358
48280
50828
26001
9183
33426
67776
59963
25106
53959
73236
96793
62454
64038
74412
56064
99183
4423
55122
70899
64023
54361
15977
36261
73248
42457
75896
63346
82289
88379
11353
77653
80688
46278
75711
28227
12610
97498
73392
75209
22309
58321
78959
82401
83536
32195
23099
50949
63709
42098
4703
71236
51575
10840
96565
79875
7366
44728
38257
94782
66768
30461
86459
40584
4466
54356
69734
43556
28049
46975
13930
16275
90605
79943
48416
58411
57559
38502
29509
21175
16568
3010
85631
28909
39463
73029
55598
89149
87186
55525
37061
91214
82248
14198
37583
75620
1248
91504
25254
67714
94969
31194
86216
89212
25263
27890
81994
42382
43682
4674
53635
23966
29691
15303
35445
34033
95682
74906
49330
71033
58336
44039
66706
90405
98410
34501
92414
14128
83904
27461
81516
90670
39742
57390
3028
10566
10152
79531
3195
86453
95087
20147
77979
19983
7901
70259
70530
79423
69162
4890
30505
58205
9172
75863
14273
35947
12971
17997
43950
55482
274
51723
33730
61738
51596
9997
80014
82430
33165
52770
94912
24175
26179
40053
37831
54686
93171
49736
18821
93499
21015
65326
46406
95664
46304
77562
62147
64338
47958
83221
5391
72316
89877
70309
21083
33396
78933
57197
70596
19276
38001
75956
21706
77604
16004
78342
5263
489
11488
28414
26116
72903
20898
33623
3067
53995
8994
90200
52116
39961
87252
94619
13840
52457
90489
59987
8723
95754
78043
64875
58670
2430
19054
26328
57401
23331
59367
56875
16195
47197
95298
7968
19385
53299
58413
81488
79624
57157
39313
87756
1425
83823
59345
81959
29298
14510
62286
88410
53697
26593
4299
4773
54980
92606
5426
1341
75848
83649
44761
29222
47008
33812
83267
84626
45592
15301
52677
65004
90124
50307
95452
59124
25450
70859
62040
10873
1131
28930
74178
89282
39161
80393
59890
75796
92472
42876
23100
12022
80170
96933
12026
82089
26666
98516
92206
60920
65135
65541
31612
58371
84010
90231
9724
91219
87226
62636
10009
30256
92247
94788
54025
7240
29945
21197
57302
19533
12068
39385
34876
33440
9180
67751
26999
69886
11982
27878
63111
29544
70024
69210
85254
14664
34611
90537
25138
55750
83353
52689
12430
72454
9658
71745
66241
20323
56571
82928
17142
69828
75102
50962
41618
75814
46527
99159
27851
42108
40741
21300
11250
35817
93100
26875
16965
86064
6690
21213
2996
13349
69045
91029
1530
56211
71653
17965
42530
82924
68094
17524
5363
92378
56472
61130
15002
62491
6532
64177
83693
68809
67101
65324
91378
5963
35131
74648
34354
29350
44741
61933
36286
43958
9712
30826
9870
88801
280
41293
85986
2470
46667
98501
82161
18731
21541
46296
21431
64670
866
14357
91298
1992
80114
9119
15156
62960
18815
68601
16319
87414
74750
79870
45993
8187
4860
1981
77272
88305
44483
56638
65367
72120
28317
38806
64459
67665
20863
49193
4795
23194
53012
58568
62032
82469
37343
24147
86019
47058
96907
41868
33277
26777
521
36692
84281
96954
84227
48473
73194
61017
93451
48482
49219
8971
6458
69240
37363
61258
63849
15261
6164
28704
31383
74981
59691
50028
33785
99803
48858
56480
41851
87830
99081
75214
39146
14141
95055
87393
70818
77646
46778
68518
43875
20755
70966
43970
84187
67804
9692
93060
15040
42001
84978
92173
13801
56270
56450
203
98400
18189
16399
26934
70141
99177
88048
70128
31663
27990
86070
12716
83924
68160
99969
68775
49817
42153
39171
3313
90897
44466
62539
35413
69113
95962
8053
25241
16939
66186
95018
15839
76989
57384
66422
73035
20376
78570
37819
53389
52923
93645
81413
98450
68664
94892
60980
363
8027
22198
62057
51682
85305
97046
94027
48719
30256
32112
48502
23025
73696
11801
17632
86120
77985
46305
83533
49339
90314
14496
65957
24182
12428
64112
58157
80660
64854
84427
78400
78722
80524
9340
92510
30292
71897
95559
2636
53031
74627
76069
60848
98374
52543
62160
33080
86842
28519
25193
92520
21363
91223
20594
53641
49472
22442
64703
93420
33866
39160
45168
3890
39204
19762
37782
67579
86962
80397
22063
24374
90358
61273
29000
95886
81956
12103
52582
23224
24630
7161
35362
76415
63585
70512
36022
44716
18280
72253
63838
22211
53260
57274
89653
94638
86505
25745
87920
36033
77465
49520
63180
37976
48285
45625
51699
58229
1054
18722
83623
69328
39380
26328
16848
60656
71618
31380
86131
87883
54111
7881
8727
18174
74845
55884
99466
44908
45234
93964
81363
16975
40410
30675
13785
99795
2536
92979
16366
7760
27988
66922
48543
6656
30908
28624
74174
88294
812
22506
40351
30064
13789
55051
79199
93233
71502
13600
51422
9421
70799
12949
37600
51609
67536
54080
53001
99259
52658
37344
10673
16224
3828
83407
79314
68620
67525
97353
1353
18742
36102
88395
91973
90483
84221
35816
73021
91124
36790
81004
44354
92978
19993
5511
34060
51526
82589
34571
93448
97827
95447
57644
72312
66911
89967
11569
96997
34051
961
23204
37047
86843
6139
37469
5203
33130
72450
88725
61344
19563
47126
72863
78111
55843
61842
88872
88278
4851
53834
60330
49075
56375
74996
89404
69664
20298
24128
6672
16280
46502
21584
69265
77657
86919
81639
76216
11796
94441
81958
89408
78108
86162
76522
65203
20543
60805
25210
84648
83831
33724
75146
68789
98420
43445
96489
55819
71977
19974
55166
21782
28031
51768
93528
63913
3325
46518
97795
21333
60070
78534
90004
5876
69569
36221
66280
6849
49394
10113
63282
630
56623
51068
37231
75933
94613
19270
20938
33140
17855
81805
50357
80662
9616
13650
41761
12535
80143
93967
38102
45593
40927
60563
92761
3339
70080
35193
86298
85586
14584
89385
34211
15773
19050
30828
31682
1756
67465
12742
62465
92348
61894
93077
73590
30799
51187
43610
46909
37721
28320
15055
32714
68855
12010
80434
24737
80590
70998
36571
83112
60944
38465
99190
31823
35770
61186
42603
22713
84783
27815
55555
56785
57665
7130
13631
31391
21012
626
59539
6621
30735
88856
17464
22409
46675
51127
77845
88940
55174
87115
23801
57934
53744
47504
56078
78986
27477
8922
53524
33579
54546
64874
72312
79337
5074
65851
893
81053
74004
88
41575
2001
66535
5215
17180
26428
67286
63992
99849
22838
40101
95975
29716
93158
35369
68453
4755
94661
65226
87506
73451
72741
34688
27869
32729
86536
91271
70054
58042
16118
35679
13646
36583
76523
52475
20680
43564
86740
58537
88435
82351
60353
14591
89982
70984
42288
51006
93278
84468
85252
25170
83340
3824
81761
34604
86908
10704
12024
46870
73599
37692
91991
51147
72302
46347
89445
45464
20667
13372
70341
67542
50891
97215
88930
75318
3637
96851
88124
8301
88842
1655
78534
73952
4924
25519
15161
61298
18281
89220
53993
21644
93521
84539
88927
22047
51247
76933
93187
85990
74892
51688
1758
95703
9959
75852
56896
11689
90038
82971
4526
72601
96218
77298
39954
70067
18485
2981
93378
50880
13580
89407
58290
97219
11925
23164
33897
51503
41246
70572
94591
41365
33506
40312
75575
79328
84222
89986
98944
10630
50874
59371
7144
49164
84912
12902
95643
14283
51231
63648
47058
65599
31026
53130
93575
32005
90855
78095
50022
38902
63300
65950
8514
81472
33381
83557
21209
36409
80334
64741
67285
65280
19211
46924
65729
18518
96984
78391
79819
83914
68058
83456
84865
98921
8132
76340
29677
5075
27745
11674
68485
52485
96957
46775
66374
7948
98548
92085
51205
10252
55927
20854
82018
56110
73762
60345
61742
68483
91780
67903
51637
85460
16131
96355
360
46113
79234
60729
10691
56849
45444
94024
26620
11266
78577
40937
93528
94481
19304
26878
49269
37210
50741
68349
84336
37249
32174
4143
78485
32171
15764
95701
56416
32314
23245
35500
5714
17969
65664
4158
68824
65009
16023
1842
92696
20094
3177
50699
950
4180
19998
46637
61099
70526
8187
14347
11106
60392
98495
99718
56406
42574
94247
55645
77689
39784
50466
92177
97578
48491
91660
54350
61123
68190
35988
94284
58171
62092
74946
9435
28268
30024
41641
51092
43964
8763
79405
46150
4982
66727
13482
23314
31669
5771
46670
16503
62328
64443
88508
14498
9436
66273
96514
36721
44328
28404
89173
7389
89707
25912
20335
49010
27148
18453
2179
71311
51556
84245
22487
41020
34938
37104
65045
48445
9928
91457
96055
33888
40311
70808
78792
77430
60399
84127
67338
53427
90194
5296
99430
47978
63774
36667
14957
36102
46631
52709
62247
22088
48026
55512
91362
48423
60623
49544
31230
65023
14491
40350
31468
22046
6235
47139
37599
58780
5769
54759
11315
62617
29548
83922
27914
10218
66378
193
57574
80095
91003
41307
5161
54587
7728
85351
57715
14154
41575
31312
88344
48715
20520
78252
60834
77591
92435
45004
92892
32447
74883
85375
77156
79670
47631
71256
93894
57194
87292
4142
83216
85874
52459
49042
17479
73723
17470
68614
15081
19828
41856
71271
67920
54333
50958
44486
94746
25142
54822
96792
86324
87216
60240
70284
9136
55330
70497
36950
85578
59691
69949
98361
81372
18569
64008
73829
70834
49698
59673
13013
93363
90090
82101
24137
7590
4267
93229
89029
29642
38519
31424
50205
41672
90046
77227
49625
70050
52417
93025
53995
92437
45281
98479
6126
20251
85309
48168
71315
31979
30278
17689
76782
24648
69239
82958
96613
9422
28076
873
76015
21380
41860
57919
50152
45549
72888
2812
43882
72832
88031
17842
18544
19054
82532
1157
4453
62174
57526
24588
36559
26281
61348
81094
46641
94885
58425
23849
55257
16555
18674
3780
23632
9479
37388
82825
36352
51361
68033
64746
28564
83268
70653
6695
89353
53470
72086
46870
23945
86184
41157
93366
22362
54839
83181
77384
25940
28926
32750
51292
32121
4762
35453
55229
96637
61283
23122
61558
89454
88979
80707
35876
88131
80671
52542
20168
28464
80358
61226
60678
32295
65311
69643
47238
67537
98260
27270
77526
76915
60470
85454
8248
31444
52205
47107
77486
37212
98343
15673
92840
36070
71977
35758
42209
16431
72910
18177
46095
790
37998
62450
38801
10016
49384
98057
424
45527
4341
5220
44717
24392
328
6528
93529
86170
35013
92589
99699
32227
57774
9619
1329
34138
26160
51340
56777
92248
4594
94250
56046
30678
7587
63700
17055
44490
93285
7992
90874
26916
7055
40691
17318
94205
53463
71668
93561
35882
54907
70202
61225
76009
84661
59179
5266
74344
61483
86923
5544
94637
12408
86092
61025
15174
69005
80335
16215
92823
40951
50280
23056
29455
58377
63234
99990
25775
98943
66087
71340
67621
68107
82019
65496
92487
22149
61750
59827
57383
74562
48992
35021
35751
57835
69074
41473
51729
55811
56847
76381
2206
37771
4286
27484
46066
48480
4434
99272
70199
62488
82385
67020
76888
19921
6457
48645
66167
75659
37678
88636
98845
76811
80565
578
89606
2420
51653
87310
10379
63654
41488
72123
50828
75953
40586
79885
81282
6869
17248
69375
61450
39612
68994
79400
60252
29719
99581
94445
83392
35381
32246
15944
99400
34964
95390
12229
65067
29913
34575
17596
73813
91060
75797
66979
80526
58317
29894
39684
91301
50062
66758
9297
83146
24976
40118
53312
53405
81820
1135
17402
98142
99197
58345
57793
92647
20016
27499
60270
5578
39334
24563
79853
67946
66931
85041
87511
737
70408
92205
61688
81373
28437
2566
94637
20674
65770
65287
43116
96809
66050
15213
56921
55003
91848
54174
26617
25849
18717
71551
29294
56619
86670
55969
5951
96737
42497
31383
46720
50158
37574
71163
17603
97215
16333
38248
17917
86617
72833
65007
89791
52343
48960
75195
93398
92795
44348
21727
1957
86836
3038
3974
45239
43190
81073
29295
66816
24271
49638
44901
67201
80663
4263
99293
36206
29191
99060
49428
6284
66749
30778
84016
78569
44591
16860
94405
5025
33049
65661
43425
54193
50890
54056
18271
53712
52729
95094
61451
74719
45870
96806
93185
54682
74646
58015
86043
55995
59322
1582
86477
60104
52534
54750
9577
60977
69529
70344
55608
69472
80077
77345
55614
88788
95734
57766
16492
23317
30184
47278
97792
16424
82735
43271
60966
12467
97912
41371
11810
77632
7446
62007
13039
87520
44383
52010
47346
23197
42422
63620
78933
88145
28623
43064
97615
37441
1848
6886
18777
63713
83680
95555
5489
87736
70771
31951
31881
35038
96805
28590
68781
30812
38426
79472
38940
4505
42736
526
18459
34970
89056
33105
86654
97198
7849
40605
44006
51425
81435
21199
70601
75546
10588
49169
8389
66307
94934
87106
2652
6650
6219
46263
66663
78986
93797
53433
84540
82268
74646
20112
43995
82966
92007
75447
84174
36092
49310
28420
84741
85590
89130
13730
98105
18975
46531
57472
3595
40250
73294
17446
33364
3724
77662
69267
87840
97641
49776
73124
52434
64004
27310
84896
88122
5847
85517
44499
58371
20283
61726
22020
13140
43038
42360
94870
10302
37043
34785
38477
11825
77069
55242
13097
51769
99497
98775
16711
79557
32175
44980
42345
96041
40512
69985
12021
21436
65053
87443
88566
60161
74070
17154
55609
18184
58763
3360
71419
22017
52192
64688
89443
58795
35634
35553
42091
64530
37691
93525
40312
56369
25490
74949
56127
36406
64686
70294
42211
69628
68935
15374
24814
59723
23750
84452
8371
95494
21315
63152
70103
35497
98483
90750
91001
90676
99904
25197
34875
50117
96001
71924
50321
68937
58286
44591
48185
484
66968
40125
17968
21275
84552
83372
42946
53419
84886
93032
34403
87088
35646
87567
97224
80159
94344
5905
53755
53825
89721
32040
33029
63731
34703
7562
74206
75380
65787
25384
50423
47793
44212
82639
85479
46387
9924
79482
81323
52035
6174
32318
97768
19573
91849
44975
40030
37459
74608
40776
21428
74918
54394
57688
47108
47374
87903
51135
66072
24584
39504
3400
23005
35292
93407
83787
15639
55526
45588
68630
29842
20757
98178
10811
13586
34212
64232
65962
43204
4217
29471
60430
62560
98105
64488
77548
21224
2422
5302
53881
43033
43488
59494
41782
7069
67955
43169
64041
90208
5436
8011
22749
79713
31651
80461
9165
22777
46271
2919
73325
89767
52601
31189
9099
36986
56573
65489
58910
52756
50160
47497
6836
32194
47831
87274
58481
22127
54869
64806
29010
98609
42731
44272
37566
81489
64683
78661
7663
81750
67882
57359
56822
97072
58977
79177
94677
60738
81137
59170
68323
88695
91663
93350
93396
99590
67829
14197
43968
52364
13720
40232
17918
28971
28813
87568
24710
71665
99295
25851
42226
55765
45447
61576
72203
98769
8146
4538
38191
12737
26369
39851
78010
42365
20880
76929
58055
66012
49505
75559
7870
63147
94143
96853
15884
17170
21849
88714
13342
61700
61742
17937
91509
36454
21700
78403
8986
25545
59275
2000
42933
21639
15684
48167
45059
45283
60689
10990
66375
57741
35495
99466
65632
36960
40795
99819
8156
50035
68843
35400
81706
35135
52889
47923
73072
25772
72609
55770
60454
70339
84709
1473
94600
4870
59808
59794
59995
91171
91794
40249
82068
30698
64407
3147
71377
29911
95752
34995
23459
47220
44313
44081
81724
26333
68630
64612
95198
30270
8114
61584
94654
72090
24807
6063
6302
81040
97821
5573
67836
68413
30458
70508
55295
85238
96091
68462
80436
90134
91862
833
60115
71192
96871
50635
55772
63605
89951
18735
42904
61737
17176
17582
84505
96936
79718
4413
47234
54961
91431
59476
52422
27217
44395
18546
43748
3481
15371
16789
24534
99576
74299
40428
47442
22136
27571
27261
3354
49236
56859
40169
32252
72863
68030
11421
58894
23727
84597
78483
90833
29434
98807
96150
95227
29884
97043
1420
18794
26457
49792
63403
79645
15391
65841
70967
76601
60799
41130
59048
97701
88305
26250
51823
70964
97307
97226
10730
29903
76406
77134
37037
54615
41845
64928
51307
4817
32286
50747
6297
38476
11560
95124
5593
4502
59802
49872
21487
2291
35028
97964
42455
52185
14518
22228
46589
24842
78802
37334
43566
45041
91325
45444
85054
28437
26802
15034
25466
3895
98533
93957
62596
20033
19473
59383
91680
19366
69862
84593
19713
47539
58375
288
39912
39142
47257
76840
36638
36414
91011
37031
69678
37435
79097
16078
97400
35787
23408
16707
15936
19520
56592
23056
12452
54441
11007
86577
83874
57400
27496
19626
50883
5065
56651
47708
31778
72956
64665
55915
45082
17535
18413
33790
30941
96758
78472
38694
4732
46023
40625
99830
33136
92172
15995
84702
84313
80553
74524
31792
31849
31837
93526
24166
33921
22112
3280
20958
7691
23614
45586
81376
9999
55763
51117
59684
24625
13197
63738
55936
3679
57292
28104
6638
58490
52847
15070
55211
30551
33543
77265
39765
38738
28895
29241
34344
12019
86369
99074
10717
45325
4293
18366
11455
69872
62270
11560
73737
6768
98018
98032
83306
30538
89824
35285
40641
15908
57179
33494
25831
83757
81324
74756
62446
53095
3930
90696
12602
11145
34436
27738
62445
1617
94139
27998
58835
63965
26118
89831
44001
99452
56234
18805
58679
72902
90277
35262
23179
32425
92726
20303
1297
83476
75399
99274
87227
92125
73710
20911
61622
66365
46624
33214
23896
6806
642
12146
67320
45200
26918
55594
41149
78523
86892
76384
98059
81401
31429
38118
38392
52769
78489
69824
45237
28784
90490
17541
47502
28973
75958
59379
90696
24722
96451
28460
13987
82179
55449
64998
14771
6428
35824
5883
78455
53712
76980
59804
9735
71747
24722
30427
50521
73171
92078
77784
23008
50165
42382
62697
63095
38963
61154
77697
36970
76126
38869
1002
68122
60762
48982
73205
54812
83065
20417
58050
3410
56452
61976
58313
34411
7000
59267
77210
89422
72004
89564
99559
18774
89716
12662
49427
18307
40735
66571
80334
84733
45584
17045
316
72391
83664
71661
41005
96712
21120
76182
70597
58
25345
51237
39936
99333
45024
82274
45645
39216
77836
61137
57917
52560
47074
96023
96254
66858
95166
93100
21743
38618
96472
3961
41224
47771
55808
95650
51171
37053
32221
51581
712
13926
76254
73641
10002
75037
45077
4221
77991
38492
22970
84535
39469
28514
62751
93628
81718
5688
92272
69420
51627
59630
84056
3341
88754
1249
37397
14625
56856
11008
92365
66064
64787
31884
4967
28922
7166
89056
18843
94660
19602
78803
5633
96387
31629
55288
74773
25942
23592
65315
3652
93342
43270
3970
90207
49002
2457
15673
31348
46508
68494
40922
97437
2668
78990
55194
11969
37507
53394
33780
88888
24756
29091
38925
5080
87690
41526
95296
85862
52237
28127
3471
97959
69916
92162
94885
99190
64061
11674
40351
53984
93960
35273
67783
33692
36564
19376
53160
87784
94992
63206
92696
71888
49136
50120
75906
7504
46901
54829
55340
41563
21706
77965
89298
25986
52765
97029
18624
83188
39290
75473
70663
4885
67560
61968
84578
90721
25600
64361
55044
64033
78817
74771
38736
72574
71235
22784
93009
83891
14329
8788
68747
65740
75899
7677
75094
28879
24787
82645
11379
37871
28622
92095
98552
20116
95455
63471
34436
56788
75406
14957
79126
42156
1064
17118
81794
96998
22114
10625
34034
98175
66944
2259
35507
86418
91666
48268
74345
75243
43846
85194
76990
86203
59291
21593
81063
6293
53128
98381
12872
65913
11902
59558
80279
63952
35899
57224
98462
557
31087
46652
60479
20544
87980
9730
91752
98561
2899
35788
91191
44297
56028
36275
15094
98205
45488
86839
20824
9128
21240
46423
56080
67379
62579
97045
77200
93553
80814
51168
75169
91918
75018
15852
12818
83971
29900
68704
42426
31858
47577
42326
50353
96056
40736
17078
10903
92286
5823
23404
21045
36918
66142
3739
9740
39877
44382
93250
23337
96761
87924
86586
75132
93234
38317
68890
8883
52589
4447
46397
57468
91882
43782
46706
22658
34781
36056
39866
47841
77329
80106
18538
20447
90677
37489
23115
2411
53357
41554
30963
25284
67081
83597
31217
53034
4420
27211
34728
30573
5145
35930
24935
35804
47394
28191
25447
56468
67603
74829
13516
26879
36595
93571
94948
59514
17946
69243
89579
68268
8054
82137
79325
9622
19102
99101
25772
57022
56110
29968
82061
18394
35193
4293
69564
97298
95364
8445
5597
79216
12595
55817
57134
20629
55197
61891
88816
60869
28234
86097
43606
86609
29183
20628
86028
59068
230
76432
24963
13246
40909
56168
63891
44810
32524
86331
78662
19586
64688
8217
84708
51226
1349
81311
19158
97127
31161
91520
86446
57812
15872
69443
44630
81181
11103
92681
81390
18943
18847
6076
25054
17060
75916
11292
45928
50315
39862
19956
39124
92519
34473
84339
65366
3100
292
93275
29514
86791
25105
71648
98305
68110
13654
18610
42137
78661
47370
77301
65988
14446
73113
26911
8093
29535
17556
73156
69263
24355
72083
69963
37638
47229
32112
47896
37852
84405
83057
49205
30019
28263
16231
41089
84560
12243
28173
26173
25780
66225
77977
92601
52020
64073
30579
94048
18878
74449
83619
21466
82471
70371
90142
26596
70777
98210
4623
65187
15481
51684
70341
1215
13874
23590
61439
33772
54984
69810
77473
49042
71653
54931
35022
70508
44049
30664
78084
20681
54088
34028
46524
36323
83880
55961
15665
78952
66478
75207
46571
84921
26433
26018
69510
52933
71510
92242
87972
20378
5357
98032
68268
48969
61023
91485
94602
37742
42384
12390
43685
55861
66824
88826
35625
22713
72696
12928
29475
31055
5503
53904
52123
2574
23830
48566
84491
90811
24895
62713
14001
10589
6439
46005
74218
25794
59260
45815
94238
66284
63544
3158
84634
93094
70467
63218
7109
70892
85880
90543
10011
6589
56263
12832
15073
19136
76213
88050
8208
63767
84683
76801
70079
4736
99603
34744
2234
46150
48995
46055
28338
17991
44602
67144
7705
7539
90514
74892
25506
98592
32787
89137
20651
92215
38156
53006
64292
4308
65347
90843
2722
57197
37719
22244
60984
13687
77739
37870
30396
86364
57699
18138
48880
12429
38723
81852
69210
22597
30855
2212
24851
33189
383
11787
61756
84055
14612
22709
80238
10902
42668
78300
44841
68210
52415
9019
32939
46015
57417
1288
75788
5732
97339
71028
85650
29476
56453
89676
96501
24867
86719
54353
8140
50764
70324
92080
70551
47502
24731
35755
7123
51048
74348
1395
28637
78469
26399
15262
66062
94726
43317
93628
96824
8356
77231
36561
11539
29815
39533
93687
56959
70038
43407
18402
27900
54196
26926
3385
72152
55181
13906
44352
30899
75497
80773
63948
715
81627
38149
23636
93597
29230
29860
39599
18316
7356
37746
71331
83793
51489
17408
25637
79397
62615
58254
1907
93751
82704
33347
8417
75496
99355
97866
83695
4283
55943
98252
78006
16838
43961
12673
2066
13739
59092
8481
3709
54283
52110
27527
77851
40162
85337
36584
95867
30502
45112
39952
2800
11177
84224
43133
55228
84140
86262
34142
37394
30830
42700
45603
72929
55452
77081
48413
91959
79003
54971
51227
20349
51416
95489
13389
39618
66966
77881
64048
84942
43434
2981
51080
68509
14357
98598
70764
3533
64977
70528
828
63794
83152
59223
28440
17628
56237
28879
32851
53027
64469
73571
3776
78990
66056
27857
43927
71416
82158
28033
82853
4134
84465
58068
89274
25452
93800
77005
87420
43336
33985
301
17547
74173
48715
30026
57476
24193
59187
37262
8188
68673
25059
93949
8068
95009
11783
72787
62670
39995
91763
28471
96336
69767
68864
75728
38937
76601
68171
85931
33907
99926
64645
87291
4929
80853
9985
70665
68345
40658
7881
41136
34794
82800
97068
48911
19638
86057
55279
24391
1956
78033
97388
73894
27646
62109
78768
89309
32330
47305
76913
46227
38923
30328
58670
76794
60185
49581
78273
95587
35088
73505
17909
9076
86791
24537
82318
43389
69988
7413
65628
84872
86466
67970
64263
27553
36187
9750
61898
76058
21244
56835
36231
67667
92941
62563
37219
723
41536
61085
99220
27450
2297
24057
64505
26369
51747
23314
47925
3089
10278
4623
61324
76483
15770
32785
17892
2800
60670
9803
16848
54409
35492
82509
61582
48124
29472
78510
14274
82741
5655
88947
61358
17137
9032
68480
65857
14093
90668
98605
80293
16717
31417
55160
5835
32110
58142
59442
64980
16927
50918
97355
40380
25678
94873
79058
79804
73840
90393
62384
42283
96978
43295
18787
79548
84854
19067
18758
23300
14908
59743
89415
9779
80198
56868
49220
77860
20127
96888
25322
76377
2026
91238
17099
84082
41893
61021
4942
29711
76019
25760
48343
40018
93407
60981
62000
62191
21880
88437
36876
5494
76368
31903
65057
74449
25834
52334
56787
73838
26278
64924
81512
31047
96818
57147
35068
16193
63545
6617
65970
81468
48266
79327
23311
90312
89055
42718
45501
87515
4819
62287
63457
34148
73453
47596
83663
9598
15270
27193
15290
46059
7109
36753
78806
56395
35172
23296
75371
11677
75115
19680
16470
74493
46941
43942
10270
21939
53186
42419
48551
52955
13992
96070
53195
5350
14692
98010
50713
75576
65137
46816
64894
8731
21990
71585
68922
61034
9117
77043
35560
61227
29628
71291
71064
21348
8939
49910
40085
73962
94614
64346
25594
24916
18197
54489
82199
39052
40375
84323
26910
13332
73529
315
2175
65247
42021
78776
15884
18596
52370
99408
12030
96519
91058
46315
70420
5514
69765
78191
65466
17112
60783
94647
70431
80608
37571
22460
28490
52920
20015
68375
46331
57894
99705
92232
29493
72475
17930
22610
54423
32218
58169
15098
19722
82951
4729
88646
93900
11781
84551
50284
80000
14002
21892
14056
17892
87106
40477
31955
60747
89870
46581
69211
91323
77923
52186
2412
95175
25066
2566
63130
69875
79077
43822
94595
10003
47948
71371
1262
77253
21907
97064
92226
47282
96838
99480
29489
96415
53446
99592
93644
79745
67001
70920
93005
12829
12548
55673
2347
59869
81227
71973
879
70887
1377
82
15342
78242
7429
13065
16306
31871
48146
80677
44856
93174
39216
20448
54820
54732
70345
7648
95228
95759
81917
9147
51050
44165
41426
37222
75129
66181
68116
55975
68007
28946
64616
36002
74530
15568
59977
10020
85614
84236
56531
80104
72278
27419
96722
2591
55882
4011
76370
50725
19773
19875
11921
10481
57155
43436
99669
73029
86000
22584
73051
17249
46321
88873
91816
18076
15568
61749
6915
48901
94771
59803
35606
17728
45572
40839
28321
87745
70630
12175
73362
28173
77118
74215
16696
54342
3533
16566
11552
11329
4218
97643
47019
44411
60387
42864
13342
4924
46808
58036
26073
92402
91713
41348
82719
42946
23687
19042
14646
43925
90805
57388
51101
54647
29531
40134
19333
24351
93534
49772
91915
99327
50650
98225
78733
49466
31038
82582
33888
89539
9859
42925
98307
45302
17493
25540
34938
18709
20365
47308
51156
59225
59384
2415
11622
6637
98398
48847
28994
9640
37940
50294
42388
72576
45641
17679
35574
3703
34232
31313
3475
88964
3140
97924
1532
90132
25237
98681
41860
84096
77063
65292
89055
66076
22167
78281
75107
47036
86350
55645
57262
45723
44086
10784
60343
25643
65108
60599
93323
61039
48551
76806
98465
79813
41706
23278
86558
42194
61819
62176
39689
45315
59394
42569
29795
6375
92103
87677
801
89694
82363
90637
73337
7492
89754
13705
87849
19849
95912
78420
69139
76672
61887
22172
46363
99794
10244
820
36476
28807
39535
37383
93606
11831
68464
83410
98819
29995
83420
89468
56893
63774
84481
18828
67491
82743
70524
14683
42517
57897
83122
63858
71673
15147
93866
43230
86661
81092
61701
88764
69055
99331
18226
86271
75408
51471
2354
61017
36663
57764
37906
79153
82827
52817
89940
49603
3670
94221
37602
14976
91613
18135
88090
10484
94398
25683
88418
19084
82286
22884
33751
73479
88169
3162
65982
3634
11833
34368
16137
28701
83256
26005
17061
83579
72748
66913
76411
55388
41938
28077
49687
33539
3677
66810
1079
49954
20255
28845
51729
90127
23164
37041
60528
36621
74284
63766
9343
35089
7913
45493
67892
274
5325
95058
6197
7680
22363
17201
86557
97777
75843
13935
63858
75065
92872
67024
72888
51407
72950
86463
47188
51962
29103
40632
41880
33851
16246
27921
49753
83338
90407
1945
90065
46501
10973
90314
79551
39935
27719
32410
40034
86461
89297
2168
98169
1493
21546
39587
8518
1547
39169
11534
85599
83534
59415
42339
88099
13613
82027
96707
45645
23245
25791
17676
47670
90668
7985
39714
27819
9581
4463
38678
42768
15354
19293
46563
10360
8294
51375
3625
91849
94203
73586
16080
40738
90432
15586
85122
41705
14591
12393
51964
75610
19408
14913
38067
12239
52306
6735
94645
65557
38100
52484
82115
68774
53640
87730
49128
90148
51188
13951
69054
99387
23122
88754
42160
61235
78563
29806
98403
38760
98027
47113
76942
78546
34932
57726
4286
52266
87047
13786
52095
25942
17859
90798
10888
33009
47056
54322
921
9260
53748
43665
86505
10209
84477
64560
1380
75297
69489
96794
94197
41607
43591
20266
44628
94909
27455
38997
54112
76287
69874
89386
33486
2266
3155
56721
17205
98346
49297
57548
20799
55717
52867
10913
93922
30358
33712
41783
77596
62231
18369
41838
56301
92157
97353
9887
13807
69515
76039
801
37060
23363
16587
40993
66321
85578
90826
97153
9122
25934
30974
8779
53782
62014
76121
85977
67640
80965
74830
78947
75625
28539
70124
53674
97925
72540
89243
70684
8669
88121
65736
15879
41897
14487
18444
48728
8455
43576
91876
75913
14241
83632
23621
36413
57381
10837
60258
72172
30597
45896
41203
31268
62739
95881
12490
27402
67343
93268
40712
43111
43201
21683
87946
46956
12256
14092
97918
49435
66096
25260
5175
89719
16808
16786
43882
7542
83642
92948
21891
90763
10260
5363
65471
88599
22557
65946
23926
24115
37705
11795
93987
10842
8501
45806
28357
72094
54081
60198
28457
71856
27770
41196
33885
75963
40684
52744
23798
42998
67296
72087
91180
20560
81889
84479
58182
2477
78981
35613
44167
92290
18602
47979
12
12833
74911
86405
54701
97949
10177
83359
5241
20490
11404
31898
61970
50612
79188
78566
16373
40447
55535
56495
61666
12626
28143
56612
37074
24269
54306
28588
19635
27658
36383
427
66035
80608
14065
22719
45966
26022
13299
44464
36522
98301
60569
44607
30453
34957
92705
59337
74754
85286
32279
68530
87163
47090
19131
35710
59259
96718
67122
53862
78900
59377
99293
56503
94847
46042
79443
90477
72867
10486
53990
88096
30385
83399
95911
99549
12336
49563
59337
54890
58093
38730
57000
43067
70461
34259
24728
18864
30999
36513
61176
34677
76183
7398
658
53813
47668
8711
71815
26462
44199
72458
64030
33814
77717
43703
40296
20148
86920
76127
95193
43044
70601
53231
58206
11274
37297
16383
990
71791
11862
89930
39971
64799
22094
8471
76213
15130
99878
55782
99137
35833
97577
53316
4328
75567
19414
99789
63951
72229
37338
81757
44540
28299
65771
59428
53973
24591
29859
18034
65909
97659
33039
93978
5897
59479
396
70640
38859
48753
28845
89521
86951
32310
1703
37788
61723
26562
10761
81205
87403
63303
45693
76171
36038
88563
45877
96736
76790
22375
92323
1938
11792
20318
83627
95117
26968
46979
6292
91671
2509
31414
36460
68780
92300
94764
4444
72089
40637
14007
44715
87550
31041
52207
69126
92617
28235
2524
60760
23455
13636
74236
64200
45844
46430
76115
2118
13065
59653
25679
11922
2620
67773
5573
2194
43213
42120
69913
68356
73363
93117
71278
58378
39587
42857
1710
48773
76743
14055
87309
15466
88208
64797
39829
53771
46493
60185
64565
54597
70493
76626
63206
39834
56769
26066
30515
40914
43312
8981
87283
272
41900
53050
10591
67735
540
35890
78912
8361
11081
85054
90342
89918
28090
62520
24803
90082
21511
99028
60132
3614
34087
88572
17884
55062
15363
27493
15810
69203
80140
49790
90624
64409
7160
96870
44770
61938
32132
30467
61987
67304
53189
30567
34160
92622
96322
60819
89130
15592
12990
15263
64707
33767
22986
61841
28883
73711
87438
76838
26556
91935
2676
35040
15617
75290
5461
37155
81985
46684
49574
76269
23409
97934
11310
99411
2106
45801
13368
44211
80936
28376
28807
19005
71890
43618
58272
68999
79446
58965
71028
54015
89303
36918
71152
728
96597
85210
4490
81929
31748
26849
87066
64332
70757
55493
14861
66518
32364
73107
94232
19072
96462
94189
64176
80659
74586
23753
10150
794
30729
52087
72042
34185
26137
71790
22565
45194
93966
26187
75365
44975
53297
78526
22860
55487
78072
17284
20561
77246
29853
19213
49006
62282
50325
66136
82984
69055
43802
64321
61575
61024
42514
2035
52094
20517
42568
91764
59066
37974
88905
82318
50498
86652
52957
27798
85134
19921
23756
66630
11284
20001
2268
3075
29767
98781
40700
75975
4561
64349
46200
7474
28494
56502
73245
60098
39890
17778
95981
25181
6857
7998
4245
77725
46436
78226
98019
26056
17114
13735
30123
3701
23498
90017
51806
5314
73612
24498
61520
5677
14718
2447
90702
72143
38663
49782
49410
10398
25427
84774
41940
12411
74567
9323
6027
75038
17612
85559
63017
33460
84792
14996
50480
22832
37397
44907
15099
30705
72329
21580
34593
72242
52349
70681
67948
66577
34004
68127
29334
55385
63051
49283
3299
74346
24136
92682
30533
55709
95669
77333
94982
29646
79404
30421
68503
39120
70428
56753
66040
66929
98295
54150
85591
59455
30870
87796
94253
58211
30475
96421
48380
22666
92056
20701
25766
33454
49471
49774
50467
71759
2339
51956
96947
25919
86063
75699
10100
23956
88223
48502
71375
39704
52845
73088
88034
97740
74669
12523
62342
49721
84496
14431
54393
2454
5010
64984
40906
61355
1124
42129
89176
61225
69673
89541
43721
52915
61538
80534
95726
4846
30747
40182
637
85907
75584
74763
42572
52530
57180
89941
11690
814
42017
1539
36789
32052
16536
59290
99424
14940
37064
16125
98912
95238
38553
12167
24246
92380
71375
90170
47321
30058
38153
49594
70388
46102
8805
27648
62395
9224
13354
61102
35355
56018
81156
32007
320
98415
91876
31641
48906
29325
87172
33304
81391
22485
7489
24993
17182
72887
84322
54758
31247
82038
61145
47732
8939
27775
4069
7448
48710
41056
61671
27427
4235
66367
62000
76723
34387
37449
32929
77065
88445
98656
55836
51501
77164
20127
87432
99441
43554
76585
77477
89713
8430
77725
6984
94963
97651
48764
2133
24788
23165
23398
69362
17652
89470
88974
36164
96104
47506
83641
65097
84022
10980
91243
56229
59332
29510
40006
38375
42067
89904
47771
48643
59775
49372
71644
82935
88380
65565
83387
18131
45295
36981
78716
34580
6440
87949
66028
98265
52181
54947
79915
54980
89895
23941
4451
25797
38428
14836
26357
90285
38214
90491
36094
10893
3473
31167
54939
53726
66897
1369
82737
15511
39183
24062
40947
15272
34951
56996
39358
60624
31745
21120
78043
2502
73753
20972
17656
4639
23284
72381
33965
78911
97795
65505
70333
97307
13820
5505
7776
51614
11513
16387
51137
62863
85006
32472
67502
32339
60960
6451
56615
26383
36713
60174
41629
1842
9566
34821
75581
93060
74946
57681
16445
61230
48863
81804
89252
82683
65548
40998
50902
10932
81462
65574
47090
23708
30327
12663
18190
94806
70426
26364
85573
11742
3974
12720
8081
10148
67048
14588
81825
22758
41444
77750
7210
62299
70902
1929
92579
2559
79557
31137
16509
8671
80451
29115
26152
40954
12253
52022
37762
50591
44138
14214
45894
24745
20369
68848
30913
61263
81096
43949
11240
62867
75036
825
5580
67771
74029
12230
36705
20930
9900
47870
17106
6879
65560
43867
93813
61867
6207
36776
94267
15037
32134
74685
97305
89259
61584
79036
57551
70316
35150
50528
12245
15782
8409
69556
22447
58124
23041
83840
2837
59496
99311
53509
45335
42388
24264
45228
90144
92654
48896
10733
37749
88548
58760
56520
51081
13205
28469
18685
58877
4053
39667
27967
62816
19687
82739
70524
78212
60009
90464
70161
42636
1762
74657
62050
36861
35036
39218
1813
36459
95945
84212
80309
96169
92017
31051
74065
12553
56031
36442
77093
62445
67028
60254
66115
98380
45362
87343
29278
21447
55146
96212
21071
70155
59732
91657
27318
30377
16006
54557
94607
46404
87706
66771
39861
26522
14592
78481
52217
90698
94852
17082
48169
99909
14133
71077
27297
10760
77354
60671
37012
81957
32013
29459
29301
43437
44100
15550
72742
32193
9769
74194
38902
86223
71129
8286
37764
244
70160
70959
16141
67867
78609
12928
71919
68037
97507
45491
42315
55695
87995
14181
89681
10715
93905
59423
20085
93270
79466
27254
59381
57474
80312
5578
3520
36106
74709
80615
27845
36731
80166
86385
26289
38360
59930
73758
70063
39636
3757
76796
34722
24385
71735
40588
47794
10698
65521
58396
94426
20186
3090
46436
60212
66544
9788
23508
99531
75671
37101
15090
6017
76481
7147
33374
87527
47938
55014
9433
7328
42124
9195
23344
72381
74898
53118
98746
47940
14575
97559
28267
71571
41361
36053
50927
57723
57628
23180
40853
39377
36169
16418
95001
93793
48432
91510
45229
4906
86409
38266
74296
42608
96773
36160
83017
20939
38149
56686
96663
7922
29355
32745
80238
39894
44636
14397
80217
90797
41954
96954
44544
79392
14452
96831
38675
22258
4973
16185
42335
4504
8652
85085
43597
18309
68572
42872
40334
31383
9993
60633
49979
24899
5084
7566
57309
18197
50385
7405
29568
49808
27539
28926
26373
87995
39968
280
13522
83079
98432
1141
7846
23889
98272
57231
61950
4321
34846
86242
3743
25388
3710
79321
70232
34922
274
97822
41464
20299
37055
63160
34404
59216
58867
75866
89961
15252
19082
21740
88569
39919
60465
89902
60824
48834
71701
79426
50166
91194
37692
52637
66329
76283
17938
51724
91183
39117
92476
36768
750
2427
64236
76227
2441
90948
43040
32834
29483
69060
10116
60775
70939
17050
90381
73155
27517
93721
53078
86827
74500
99885
75311
79283
45331
58081
27911
44147
26543
74260
64854
