62280
68487
3975
959
18063
74453
12355
30393
82153
39983
50757
37416
2429
68700
906
65991
50355
30310
55279
28597
5337
94279
89848
49729
50020
99498
55725
3199
30898
27537
87518
21988
20823
4015
77803
76780
60545
2724
4226
46237
1560
95250
56071
53098
7033
61197
30507
24691
60137
83892
14720
53707
67096
99724
24702
59893
57829
72507
92304
85621
94379
71854
85697
76548
94829
64977
94592
64907
2956
15147
22936
70598
17143
69960
56855
67457
9425
65696
43223
65148
99969
30115
86931
63088
28186
7844
23403
10767
75205
86813
21200
45132
33653
81633
93397
10417
51523
73277
2384
91786
85456
79581
93074
92098
73762
64692
36849
46870
1772
54524
9434
72324
35060
12896
36196
31771
35945
92245
86650
80050
61552
98688
63458
98677
69647
41294
26608
66966
84970
90530
2803
48168
93093
19144
3038
18822
67118
25133
67817
34063
68580
40049
90896
61053
58671
48893
10138
97384
18228
96713
80417
22061
54476
37211
21742
89673
35276
40075
71724
85618
12207
66527
50474
24185
44027
45103
89117
20317
23514
42820
81962
72826
86469
40852
21776
88174
30793
18640
6381
70767
81918
4058
76667
30086
47443
91877
97092
60556
89696
33170
57697
7592
39809
20797
79754
91263
61560
23857
36026
29382
29017
70393
78182
75151
61294
88770
44356
57084
11753
94879
42083
12117
82543
32454
14771
35133
2731
93748
46112
99198
34927
16334
1784
20080
22054
68813
31926
67059
47887
58960
41678
98338
89625
30789
64665
50400
87078
49867
40659
6327
4988
20400
14196
4539
14190
82686
80392
36053
88936
4981
65753
59278
66193
30321
56550
74883
73423
19868
33331
42912
18641
2281
44287
68636
79821
94981
98393
95677
54363
36917
9436
13377
94898
64827
48305
87931
5684
10749
69046
85849
70530
59851
33912
10439
55269
69037
95766
61088
84767
66946
73701
66497
1295
94091
31792
16482
8741
61265
9626
71234
17792
51420
83997
59497
11368
93054
7917
43525
4607
42007
16821
89122
30642
12972
61245
39003
1886
92830
97214
37857
31142
64120
54637
52020
63338
85588
7241
90582
59178
73600
77673
81910
8476
81784
52458
85939
22710
91880
78219
73057
81977
21972
62612
51299
28752
70710
15567
81519
35258
36415
39570
96058
93505
99276
59254
52956
35044
85617
30035
25789
82733
12430
94556
59381
31080
54666
45393
99325
3824
42895
53683
63059
87127
13327
24363
46733
51805
50522
40698
70005
27183
60906
28615
26941
64998
44594
9778
28157
57592
76977
35675
42123
79995
85846
27391
41417
79437
6388
22727
10574
70387
9452
18351
18030
7444
17723
60765
81772
91787
65349
90818
15393
11191
37990
96664
84449
8040
48240
96234
38207
6828
55147
86448
37423
2279
33569
57148
26479
30005
99892
58745
19598
26364
21821
7213
6980
24415
64671
74492
53246
95463
60814
73591
98527
49895
61751
16199
92112
37175
41563
63800
43241
17738
37810
66190
89628
34207
68217
60803
35170
266
32236
33900
36333
76548
52626
46477
56006
79797
9082
67640
77600
58922
77383
29384
49746
51358
46315
6813
28959
25
57592
53468
48939
75576
17320
39626
66286
49276
32764
11690
22007
31586
95113
48137
28152
16088
86831
83040
11739
28400
43835
47302
81035
84610
47592
21446
81705
69931
10856
7986
47736
23459
72155
12508
2607
4103
16421
1415
71906
90471
95753
56818
84339
409
48078
60971
63725
84213
67
97366
78484
76636
30632
98265
21703
44955
69630
88979
62312
71862
60421
73632
94040
77920
51729
79788
6884
54902
82251
55764
65549
47384
27139
95508
50807
19857
42822
74263
15084
13358
36143
14590
10380
20091
81135
8552
63575
93089
57013
75880
98304
5086
91183
1851
76433
10810
47013
38671
72972
94193
9821
77133
25025
45666
24739
6916
54849
99109
5178
70610
40241
16216
35182
56981
79703
49608
37474
25537
51645
75762
51840
39630
30117
57643
71511
55429
14739
54426
26685
92840
96282
47510
10685
52366
61117
91283
95861
8127
17997
66572
52516
18759
6278
42721
65136
44225
64592
47235
24893
51698
80055
25287
54810
15629
41807
86919
34950
93006
66217
3340
81628
19676
30580
82135
7706
59565
25923
41983
24228
3621
47732
31203
74043
1950
88753
27186
79719
14654
93226
44234
98647
53222
93505
14630
72300
71468
21771
13272
81487
99288
17556
91903
81331
90711
21308
49530
30381
4674
77909
68084
64995
49159
244
81090
54414
19491
12986
30917
11323
27680
40773
46052
30231
65914
78005
24236
39831
78701
90802
24464
39755
26662
26620
92876
45101
29959
9021
86561
17490
73121
48254
17939
48665
7685
75363
53052
59330
34076
51260
21361
89724
73334
99745
35487
20740
17861
44094
4669
97666
83246
30451
76465
26875
99203
18871
26863
95704
17147
39570
75151
99188
44256
34758
2733
43092
27798
14317
89796
58607
7369
65485
94205
26516
71329
88049
45653
55994
39381
10455
19850
87370
38789
63318
62082
19662
97084
76696
11032
82914
11016
43420
73194
33870
64152
87169
40208
82924
36770
7915
38909
8060
99031
55131
82728
29841
59274
94426
6665
80771
62860
65211
63783
87563
72662
62867
33861
58107
72023
17132
84523
63968
91331
58927
2341
29015
76366
27282
92096
23138
61134
66626
67435
32571
33857
85386
5272
20003
80199
78683
39338
86026
33736
58496
75649
93497
26337
46788
83493
37993
62902
96317
250
45285
19555
78830
69340
78121
95826
14529
94364
74107
7413
62958
48172
45746
97510
6840
96834
25006
51552
52861
55659
74586
45874
82422
30006
11420
370
89461
1523
72012
96414
44034
76461
65900
94446
91974
98337
10247
6110
5359
62978
74156
63870
93994
83386
67079
84888
66679
79567
19084
30969
98524
23383
32909
96535
22897
37320
25195
6300
79748
3386
62338
13605
3526
73224
32775
31634
61873
75035
95379
57728
60440
57672
51266
42397
49774
93228
87268
94447
20727
75624
11257
41505
40636
72588
15308
96828
6559
38895
19581
63232
21860
56915
28418
11901
49444
69225
81824
48091
94344
95167
67828
89229
12401
83457
8656
70563
96296
3555
82082
67426
21999
9437
70122
70740
72689
43281
28495
98033
33426
48620
4
46514
84417
53012
20660
66825
12996
28614
90171
64280
62725
42742
92439
72373
64999
90435
35145
99213
26134
61820
69858
39080
30486
69516
62911
24512
33439
22348
27276
80575
41278
15129
74990
18671
51220
52621
81668
2623
99074
95855
31139
17882
47279
93074
71163
62863
14208
29941
32061
55436
62684
36839
99193
53801
85942
28324
45215
13734
40943
73645
35917
97312
52396
108
93552
58486
38989
52307
2812
43056
31761
13725
90439
64724
94510
43196
48453
93418
58012
44024
76998
13850
68795
63211
37180
39260
39800
98517
18245
6246
35432
24443
47686
87117
75968
47983
13799
81452
3018
69666
55109
172
52559
96695
62881
73082
93365
48589
89208
70400
13419
49780
24586
39086
72929
95103
67762
10792
48572
86111
31000
36327
87481
84362
69981
6615
51641
21018
37833
89236
12493
12941
74249
77882
50235
59331
58740
85295
55775
12356
95317
68665
83012
91260
3692
31856
74276
41902
31630
66146
78990
99500
99642
57024
64308
22665
32994
59156
80436
78473
15810
55812
93697
73815
72510
9834
20970
95347
9342
43966
55656
85634
73426
46492
36346
94528
3177
12111
780
37540
62494
35737
80628
44101
73828
44384
71083
38959
12954
48303
51066
91342
51958
52821
52084
70767
57018
77472
62808
34761
75707
42321
2224
97127
79148
14810
43919
50036
32829
76003
42510
22571
77649
93774
26964
56022
4166
43155
68077
43009
99939
75306
50818
33805
33552
49571
47483
40957
11432
63702
21609
67740
14295
582
35699
50457
66074
56686
42495
47651
62163
74430
62341
43390
27525
85011
28117
84626
42558
77879
14051
31819
20705
19473
81344
80593
23088
38774
28206
67808
75336
96822
38205
65037
2277
66405
18251
83374
95647
89613
89316
45640
73099
34353
29438
36933
88123
43290
9547
94485
72840
71115
27867
3971
94441
72494
14013
19810
22417
76952
2484
77436
71179
52428
42420
12114
5544
93491
6648
41145
81914
53200
22559
65507
18751
39074
49875
25263
54571
70421
29810
95146
26861
40718
78469
45927
46297
81020
93846
86508
1409
53832
85060
60523
36128
33101
45704
83626
19035
82875
63265
87677
78319
30178
81749
17392
49267
10149
55928
93404
71799
15798
90325
43085
41406
47564
27128
24741
9111
26459
17655
14196
39078
84152
38314
8550
6225
63800
48489
84901
28476
27267
92807
69274
97565
95941
21408
24633
72020
5514
34505
62348
20095
6370
37885
42284
86382
62626
24922
14105
82803
33303
75069
27438
33026
55037
15552
99804
10658
2985
37656
44276
19610
86922
27830
86669
44970
21092
9348
11086
48816
68503
95384
87452
36663
39735
72087
76751
30660
46789
47300
28122
68090
22124
88515
86735
30050
67010
10291
93938
38986
24679
77178
61905
10516
43062
30219
98179
3169
20163
15716
63361
15244
40078
94722
18109
89199
27642
8915
67163
70974
20121
50632
52779
64846
54989
10276
40261
67191
66044
45973
75240
25916
95978
20261
60948
35433
49107
63077
98
15325
56589
56752
90557
52476
18584
20256
84655
20977
58756
82745
99164
14960
70743
98012
88250
30863
37644
90460
53769
76374
79618
59497
80503
85473
90318
94024
88602
91929
99349
12495
46198
38835
14468
86022
41277
41219
12863
14095
93230
38467
34624
76888
62968
35645
83508
56241
26637
12683
48497
3044
70267
48022
51625
75954
34354
39804
87912
77825
10369
95425
34533
76216
40651
37930
26065
82452
71853
44463
33434
22160
95286
69048
42016
92742
73641
96006
17153
6140
67512
96261
34896
26934
14512
68293
52848
37740
91777
66891
91649
16515
42322
26119
34714
46150
23247
61699
71233
30167
65279
62208
72191
86533
89753
88235
91906
28052
70030
69972
62532
66080
38308
37973
4825
8448
42140
45091
56963
95989
94645
37164
20368
55999
27986
59589
21206
35886
46297
35156
75050
80829
2503
73423
14058
73740
67143
27949
74479
42538
15827
54367
8077
42509
8112
85710
28098
78798
81754
80259
50036
63161
92941
60230
1147
44413
80497
23717
20484
90307
19568
13466
90463
33247
69152
29762
81565
62325
24525
63982
36712
49669
11400
9414
61916
49616
20084
49850
38843
27423
96398
43305
23240
58136
32525
81324
35521
18577
85377
76518
33661
72052
12437
93321
97011
63245
23483
82874
12062
8229
31097
53605
12953
31309
99223
74363
60554
60568
63747
334
97367
37552
2901
85924
4158
37163
98197
46861
68425
69813
78879
57827
25171
6338
95754
21540
26102
82501
81865
585
15197
46574
47472
33199
78787
23196
11776
68151
62301
67505
94258
85296
79138
68147
29516
61165
18262
26096
66184
34634
58110
40689
71796
40246
80691
85063
56193
23179
94618
21122
51214
79348
40120
61148
30087
86033
74488
82090
67613
97275
22914
49821
49411
6713
83318
77607
94585
79793
81321
47878
94506
62538
87564
18088
57838
811
87088
83100
9681
56915
30228
45257
94152
85626
50650
37872
7480
63002
80816
89819
93667
45627
56237
22014
61842
21707
35624
9294
18185
13442
51268
3030
86606
19417
75790
46324
86231
6934
7653
85495
46020
73130
65381
43025
6221
98730
48802
5518
54800
86444
36784
32013
68005
71106
66508
73492
5522
88954
5348
33760
50762
24674
12900
20554
95531
89111
48209
93130
68449
32315
14582
14280
1641
82323
56533
84933
76115
6867
27155
91771
15390
85551
10207
64023
37034
1830
10548
77723
62442
14905
28870
5039
80072
31203
26044
29500
97965
69807
26196
75998
58699
70612
5671
29341
32154
94994
96821
52477
86964
32923
23785
353
23515
96009
81633
21347
98558
5865
89993
69377
72943
65771
32853
55644
3917
57629
1630
98218
65429
80317
82506
39516
61167
82232
88970
7804
38156
97726
75027
90090
51898
16108
9698
3322
51284
36231
86129
11984
17253
51612
51585
24455
84748
8414
27480
10274
72016
46105
32247
75353
49856
76953
6403
65179
71565
4892
32414
19413
47882
89637
72409
20703
46174
35473
9532
48503
29060
19299
27486
47020
45439
26095
54988
79589
18349
93457
3520
99872
81006
93667
84286
72586
60709
64198
99310
96579
66697
98451
53980
64583
55240
93926
82084
31112
3172
29402
41853
97563
25314
13995
37186
27862
11219
26443
84956
66264
31801
38565
55547
40299
37932
82370
55252
40099
52799
27624
81688
80040
68025
39044
77311
31576
81423
90200
23057
20123
40167
35030
12022
96963
62543
72554
72520
16747
27071
34423
81520
11149
67866
89496
14601
22056
70500
22604
11252
56276
88158
33073
40041
35116
18052
54536
25106
25935
94792
70504
16062
94404
42776
79441
75178
68774
84542
50593
50978
64315
65101
20979
48112
15210
51190
31806
61783
16963
91659
77515
95918
44589
93211
32159
56533
59073
336
36729
92198
54417
41536
82006
53775
98985
24538
58263
24516
69378
8582
30600
28333
59305
33650
22704
73919
60433
50341
17361
99758
5643
26568
72266
44703
40395
47786
50779
6705
97733
83798
17112
34183
82958
5170
62112
45706
95906
86236
85699
44931
13908
57883
54288
71857
63725
24443
39193
30327
19185
61496
39285
89135
10303
77659
72086
82716
24011
93597
5709
95928
98809
55953
36383
30678
73099
32910
93263
928
70147
62610
92935
45299
19274
84320
48941
46696
89165
27996
42208
43206
32308
42025
97003
98039
83440
16851
54942
25229
74491
40158
11427
90186
92003
16772
33092
98434
30645
23660
15361
64575
4706
16459
53704
96142
13269
67266
23797
73059
72500
51874
78320
4725
72835
4066
89405
41012
5891
58383
21098
70201
17827
86565
59286
69098
44804
54455
68319
14115
91184
86155
72334
38582
92760
88834
60560
32639
38352
63589
58115
21358
92786
35151
34098
70972
70722
57387
69060
14437
30901
65794
19489
47815
20529
2020
49429
75299
55472
6610
82997
78333
1285
31097
93400
74286
22376
73296
11416
67407
67782
16887
35189
23089
15137
67298
91127
40960
62093
50293
99690
89077
63839
11371
69561
8915
34794
74145
42814
74760
34036
51580
31704
33103
20876
79731
22265
88165
41052
70061
19497
61048
79777
4082
5864
77294
93088
89455
46293
5012
13747
81426
36618
33975
19456
79781
79760
9519
44548
94639
98065
91131
57897
93265
60733
22827
93957
20823
81230
69094
54436
21283
82563
30834
42349
26233
17463
80734
39264
9480
78606
31456
5206
26270
92159
24408
35315
80329
46935
16604
73375
15635
69319
36758
29857
22143
90272
27318
60219
53103
93645
14307
60001
33900
6857
40441
59742
94140
88350
71707
68310
43576
78989
20587
86457
56066
37026
50153
83291
76502
59153
712
90700
20364
66692
71289
129
15904
14342
7768
30113
99965
61312
38483
50973
1344
83041
49766
74791
26428
22275
49222
90670
11361
23065
66933
99947
89672
4840
56071
56644
92051
83910
33577
55789
76446
45447
72376
46047
64537
11531
38645
40009
92452
91724
895
99640
12281
44662
9958
6548
87013
74413
11881
89595
60788
12191
74749
92520
11158
68534
2557
19114
99941
30230
12318
48257
55043
76462
95266
49279
12452
35650
27703
5578
21791
7407
56381
20613
82171
65654
76812
96382
60935
93294
59793
58191
79461
99633
22937
3957
19600
29009
49121
31690
29381
45712
90610
91674
2381
15475
16928
57861
4815
66457
8953
6366
55158
76952
74339
17128
29111
1891
12869
1944
19731
13125
23310
6132
46634
65004
62395
76557
6090
15025
77373
35006
40315
14878
90060
46956
8160
89786
34113
80057
79751
57174
63439
19479
65717
70560
21537
17754
80177
89579
19842
87683
32890
83653
70776
73857
77690
96604
68727
51277
83408
63951
65396
94556
96358
91278
9635
32837
48100
15746
74705
84256
13721
56269
15283
95469
76171
41672
6133
57327
96300
37421
89235
76552
71026
76627
54798
8366
85648
19517
72511
34203
29291
23564
48891
60181
87158
18661
11202
10904
73083
26838
71043
65211
97980
21869
65707
69246
19736
70187
57321
96501
71282
89313
28264
38580
80200
22125
45085
52922
345
64605
56674
41177
3767
40695
81102
50100
48104
5570
71502
7896
22900
41895
30395
63784
54067
79812
59541
3048
15484
8354
23271
27581
64718
38534
60850
41919
3722
69174
97182
47978
72653
23452
72888
75472
15137
8651
50296
52240
42371
89153
63308
93241
87367
75829
68391
56084
23706
20888
10565
2010
93009
79123
57150
6673
34674
88525
72468
79608
79607
92884
99791
98361
50905
97425
41844
91986
19609
30919
83369
8984
73578
12596
39317
54277
7864
66470
73744
67274
45206
36467
49000
78077
86803
22086
15597
98847
36085
67230
69037
34471
22734
43776
26115
37477
67027
29002
26742
89835
88167
70588
25040
8906
77155
24551
5603
19522
55060
43546
49838
12217
42677
69339
82960
16286
74526
64934
83872
27096
93729
24458
15961
20900
78858
83376
35768
28916
71984
86371
96083
94397
22940
21549
29403
82950
92879
26875
6049
24599
47162
83992
91028
59944
91656
13644
82591
44459
66069
81659
41267
51710
17389
90665
59620
64846
45962
90590
79201
41371
13407
51495
1994
86802
62003
60646
3607
68350
5566
11828
25902
6466
24006
15659
28286
79263
58867
77312
54455
95306
69820
7018
1525
56335
44294
1966
50504
74381
95898
71208
95303
78462
38617
22957
89483
21817
16483
80108
54001
38388
72696
5406
64071
76353
15463
23077
92008
3901
23301
76124
43601
92387
66638
64335
85010
98208
64612
92500
4548
76902
56634
37512
4598
42932
78929
34798
29105
35701
84875
17184
63916
64516
78426
66501
71601
75801
35839
40124
21431
9254
76686
16116
10701
58667
6538
84225
16324
54077
37093
36149
73365
91143
69020
94441
19624
22546
99310
85305
92592
39447
38306
50526
17441
39468
15991
19097
26194
46636
88009
55499
93950
68048
52272
78678
82243
4124
50930
94406
63071
70750
61517
31864
89704
4741
43085
45989
73385
97693
54911
95027
41906
26187
2739
20914
88546
50995
97142
89986
73329
51348
84733
94835
3210
65114
96034
5756
44329
68972
97737
19654
66056
36710
88089
3419
85283
67391
15457
81013
85269
74198
18729
45070
50987
8344
38629
26984
14932
36931
86433
60546
33074
67107
77673
70738
67134
93057
75446
73732
7735
79019
73216
5055
85356
4652
7900
20764
54946
65550
71741
4951
22086
99576
62233
76662
58026
91623
70237
11212
73754
12279
62135
69042
56957
1025
20143
59493
89985
64611
44101
10697
5573
96197
99832
18827
30589
58941
32115
17597
84294
99744
7872
43119
28208
93415
7559
63264
55796
39026
69665
41032
64578
60374
2601
94441
31511
36325
3945
50148
83506
51673
59611
96104
16484
12401
55709
61424
88874
30747
65991
58997
18018
48830
63226
12736
74662
2389
83009
58590
29943
88615
49300
22140
38304
33319
35620
67319
62806
52418
10293
34691
52989
60090
52903
52052
7856
94447
78527
62898
60286
15888
13013
15525
18377
29268
97232
35887
21607
89075
7807
49969
86185
65614
80193
72378
26133
1466
86566
56612
50224
21899
67196
7516
20488
7755
14112
66321
44888
27626
29224
89216
721
36172
20394
65860
18141
41358
69647
75257
81269
71470
3534
62590
80081
79554
21396
15759
96026
30744
43921
71575
527
23281
8729
89915
95373
9414
9390
4235
41165
615
12653
75566
50664
93027
82760
7648
84798
7684
5278
75501
62609
84418
90611
55433
9025
33143
73693
263
19231
72991
85307
27154
83106
97878
80929
19486
90851
99376
79721
79101
21136
74662
10008
76196
68280
13970
45400
35834
6781
59085
30290
75137
45708
71641
81004
21000
46307
65651
84427
16327
5314
75781
62029
71152
64701
37804
36839
34143
46598
87107
70315
70194
90497
34430
67859
8872
78242
84846
4768
86378
66539
60707
27975
55884
3201
5211
983
68546
56312
73620
92536
62981
79835
53214
71723
15644
30676
58366
94229
2852
46225
99602
96068
84437
14317
87076
94883
12302
23486
2566
42597
31050
99126
13274
89233
39111
40013
67479
57663
48472
14910
11502
19715
70670
55156
33460
26574
95754
28660
94199
23798
2136
68735
76154
79389
21775
79711
73510
99977
9861
55145
54825
50813
22985
10961
77032
70199
33677
23823
78991
88064
33342
86170
20710
4849
50129
87419
89312
64446
95424
27190
88013
91925
76263
99203
51915
30655
18125
81627
65157
34502
26816
64057
99253
48900
75070
74049
11118
29210
3737
64861
34411
49098
17807
4443
52446
43320
55430
70408
78804
43344
21661
13275
42234
31652
36970
80010
19869
55209
48362
53020
16747
10702
64898
37340
90742
549
21009
18143
85541
96195
36409
72168
20016
89092
95997
58240
96024
65035
19919
88157
37442
56792
18616
51399
89789
89167
47070
64457
80636
58414
90767
66256
77063
30548
64065
15827
19862
25925
2527
93865
45435
5276
2964
52785
8824
94126
26547
77070
67828
65528
74980
72167
93601
79399
42796
90460
65303
25350
60675
35202
72925
1466
86126
7050
62502
61213
79016
67469
29767
21409
3541
36421
46489
30224
4282
31286
8780
77261
11385
91037
3168
61262
16261
43917
72582
4856
8663
14114
8804
39696
33565
54765
37829
78083
45066
50739
95198
56514
75218
56599
63525
74958
52164
17887
95356
69087
92585
97948
29469
38685
85556
919
53971
54771
80361
30936
57328
35729
9471
12187
22244
82163
38651
79039
85362
47766
24605
13388
12946
46339
69438
30888
86279
68282
82929
64406
37688
75316
41438
77075
41880
38258
15772
22248
75372
51614
31775
89741
73020
67700
76370
78531
2378
17184
65759
65139
96239
21327
11684
43566
62850
74198
25212
33410
33281
89364
45089
6788
99696
69160
30206
25398
61887
1260
5013
23884
68976
37603
28677
51771
39477
21664
68791
77686
3487
85125
83184
23511
8638
46157
56259
52597
82192
22260
99138
57773
33026
81677
32630
16848
88097
40189
97183
16182
39998
87534
21296
47962
98803
94425
4876
60856
68639
44811
24143
74333
12047
71868
89762
98791
36210
84747
48745
2315
259
40365
87257
3192
91861
9084
49729
62816
42647
85378
77195
66814
17933
13337
81643
42821
36608
92142
65787
80100
66843
76151
98326
42178
68075
98209
96344
13147
56660
24496
56833
96827
94011
57502
28676
76435
94661
15921
14642
3564
1368
47186
53739
36547
58596
12884
13235
39985
23257
44311
808
77177
99475
59784
73859
38386
38286
61386
86180
1021
32622
30714
11018
92195
58073
14852
11977
78860
20273
71391
41086
34713
59271
32908
17376
40486
72016
60253
30563
29794
35921
18096
95126
40792
34780
30656
73788
38853
14163
11935
88783
54637
28748
4929
26963
38948
49132
29252
54402
5727
54511
68950
13770
7979
53686
94391
13
79417
34563
47867
31410
74742
72702
84643
15869
12335
19442
13439
84215
72312
46715
97533
83214
64373
542
60833
85118
22185
85916
82419
37900
48502
73282
4459
39585
37931
11347
44692
61304
38993
62572
87799
64268
10680
47284
83929
82647
93037
43165
36490
41534
74064
85083
19224
89575
340
12060
12142
83574
13183
46495
43188
55492
16533
67683
23189
53871
50829
98186
13853
79784
10121
98926
47953
44199
4160
51137
45057
42366
182
91161
57854
85161
22563
73136
43955
87042
67204
2818
46116
79423
32740
34902
67290
18630
41155
72501
80668
68850
84055
83810
77879
96146
50177
72102
51673
30353
61179
17259
79466
93429
98204
18718
60436
88822
42967
87718
19183
60011
45935
21472
40989
22396
96027
50244
45172
5884
42648
13523
91663
44797
44229
24329
78625
47186
71177
4516
29638
92465
38262
37024
14871
27574
74920
36154
20531
46379
70435
53688
22240
3139
643
86497
10193
78031
55726
32173
24027
89019
6074
65625
55017
11350
1202
18661
67931
75070
94973
99774
21108
57411
38718
94852
79592
36553
40472
74915
7506
39761
24448
73398
61852
31604
76798
79234
18722
27655
85072
54057
65263
31981
68353
22697
97893
75278
27953
47763
23539
54575
63824
87162
5132
39406
84687
16542
64682
29011
78489
19361
90416
44581
8841
27362
3504
32273
46245
15936
80371
92595
3098
56315
33118
99456
55634
44343
38813
87098
50892
8586
71964
1562
65172
5437
65964
33236
48081
13396
24554
18624
1290
43307
15698
14934
45452
26638
51887
32112
85643
71142
6494
41880
95721
80649
79090
98505
10732
6044
26203
21058
84906
84415
17900
76797
39546
20088
46556
9372
79410
82269
4563
16013
49559
49071
92524
82226
72357
39631
7009
74402
36234
34626
82926
887
64509
1796
37600
38336
22963
29236
56804
31582
86109
68507
99477
86054
19583
69818
12892
19073
81143
3573
5836
70577
91694
5294
91899
55859
29374
27098
74769
9149
41941
13760
53340
70407
41332
41229
27702
99756
18862
18962
62044
30356
3321
79340
4400
72009
98400
10819
38608
89213
67754
78711
21476
31708
65445
12285
10480
13649
35526
92532
58862
65408
69061
27939
85052
71355
6702
81725
30153
28879
72133
21591
94702
94275
31651
69140
93771
75242
95822
60817
30555
53505
82591
10354
51163
11207
91213
46011
97516
11135
77654
23752
33727
48997
33975
44612
17168
18764
25551
17694
8829
36065
73307
89514
87234
94675
530
12054
96655
17131
5833
972
7029
58260
76368
67150
30606
92461
63213
94730
39346
20202
83394
26392
62980
74017
32548
35296
45473
59379
21764
84602
6463
45759
13854
59555
35436
1290
419
62103
11478
15668
45020
38901
18622
48794
69755
23693
80301
30121
62040
90126
58347
49901
30081
18387
84420
49422
87661
32653
27811
64674
20262
12916
36417
13003
69834
46188
20004
14295
55810
9961
3604
3603
9843
78058
84248
42607
12984
22675
99086
33386
87810
6370
7841
91932
78765
13079
47300
47051
63213
26334
43421
74082
37951
6948
15681
22456
62037
60166
51992
7265
49031
65383
24546
19686
72272
50132
53584
44685
7751
13875
77543
10326
68096
16797
68486
13147
15497
22760
14701
87107
37772
66271
54183
68280
33496
4798
654
27746
10485
10375
9389
78514
73933
30830
3833
18701
66398
98981
69137
49315
94841
4215
46436
59190
65348
86883
4371
84733
5485
83115
97112
47399
49809
64042
76921
59736
3383
53264
27297
97351
10675
65480
80066
96088
99946
35895
9723
43556
32998
49119
64213
39264
40497
8820
2605
31130
37811
99100
3095
95191
86221
63847
71040
16850
18676
66649
80836
5087
93498
12347
15550
84697
90850
63086
62733
26612
15131
62283
44474
31608
81166
18546
44323
99487
22681
75780
52708
68494
50889
65870
9102
898
60871
15257
84475
59038
758
19681
54134
77557
54698
97007
49466
27203
86219
50748
42407
18459
83688
29918
92546
54632
99971
33281
75702
76146
44058
7698
13947
42488
64673
85573
22159
83366
57343
29184
68706
58145
92137
56656
45936
52740
39422
81363
48255
16018
84490
12025
1948
35448
38834
38699
1408
72720
27921
38127
8880
44201
66049
9481
16693
1867
95582
9798
47400
61298
96111
36107
17982
13348
45543
17975
898
36564
4756
35909
22643
63492
60145
86402
48601
90176
18389
13600
22529
89453
72943
96854
79495
65986
10516
66822
26968
22997
36921
88060
44716
58000
74426
44375
49145
95034
18487
91136
18324
51362
83697
37046
58676
21456
18975
42709
58976
58754
50063
7961
14533
50950
21524
39335
63006
5343
98286
99728
6346
50973
48073
46622
51363
79324
18365
74993
86325
49540
25075
50832
16807
96627
9204
74509
44911
41734
46910
95826
67519
52071
16261
57391
60265
34830
67919
92852
18800
81684
11106
52822
50875
6953
58610
98920
22897
22428
77305
71272
68522
25189
22536
98818
28163
25663
93210
31778
2895
83618
92304
39465
28148
86040
48161
99780
14182
9674
3234
75233
40035
9253
79484
13089
41351
57478
2662
17992
66489
33838
51912
35786
78786
96983
97936
85121
42988
54210
19724
60104
36197
14790
98240
63242
62161
32324
32497
29025
37690
77289
34562
54942
19801
77961
76278
84418
82276
22139
16713
1091
26414
88908
39803
3450
68168
55968
75845
29721
58067
83663
11931
89967
24629
74591
75473
76625
86198
53987
20129
74537
81761
52564
38640
993
99886
45270
34836
18053
30971
16840
44356
22900
78020
8185
69602
67018
10748
46469
2750
4012
60427
56396
96488
1771
74285
63440
90890
77092
86928
94008
1666
95123
8406
40374
79126
63666
29053
49897
76178
75613
29372
15377
92627
95095
49327
14765
74443
90698
20672
28781
5610
99250
50520
40212
77943
81659
46034
36911
88076
21478
33507
24620
51874
56820
15238
4641
44315
5029
92081
43431
56313
45259
51940
39949
21313
92741
67884
31323
78898
13604
64200
59701
86480
97613
8535
66565
85431
93751
25589
51907
37181
73979
56506
50722
56991
512
8116
16382
40519
503
23541
68653
15276
42584
67618
4441
75777
86977
16404
84127
99060
93604
95360
7942
17393
57996
68210
2550
64064
57021
95701
15454
60941
47975
82336
92720
43493
68198
35970
44968
55852
49042
44642
17268
61716
51212
64606
66241
83819
16492
53844
52983
98859
83790
73310
64861
95562
38693
74451
4910
23037
23468
52146
96006
56839
35308
57650
68246
91379
15021
8477
92158
50512
48456
25445
9528
63778
39810
66970
8124
36464
86256
16029
50913
94816
95593
47760
92814
70126
29745
68583
56916
66287
33921
98582
64729
66509
10399
210
39669
883
88784
3293
13543
80442
41158
47612
14271
65708
73512
78252
64935
73744
50651
5718
74581
4428
32581
49203
18196
42327
47397
39908
60298
22169
32254
26092
27538
3667
22667
32287
22299
43799
71869
39389
88630
91393
98536
44080
55973
93237
18811
9843
40360
21160
6081
55174
57279
61755
96150
92429
17256
3623
94336
29024
57752
1261
8311
23226
60665
82306
68705
24708
75446
54291
64349
39489
40441
22453
29429
90758
65818
97538
89475
294
9077
91388
60311
6124
18048
93100
34831
77997
35885
35187
92823
85625
33382
50068
51842
45799
57809
43567
53745
17766
51954
55368
89788
85720
77146
45450
88240
53328
71621
60612
42924
77314
39634
50323
11614
61826
92414
93476
98778
42522
58215
20769
72400
23402
48789
3162
3476
72964
40047
80858
72693
91184
49273
50660
84166
34255
70023
94252
69823
54866
91017
65385
80548
29141
198
36012
91172
16669
19729
4820
22914
90023
50267
71291
41504
26469
85580
72130
71864
46308
59143
19388
84046
35705
83016
9959
39725
45213
45367
78248
47156
13453
31216
42345
54491
78597
92830
17778
46284
74877
17377
82331
57818
59551
25226
36063
94654
94412
78239
82012
81095
86140
70189
71542
34537
21789
93
14045
91606
48236
95332
41224
93096
50494
12269
26601
78011
15862
60375
1027
99452
31342
56031
21905
28551
42695
44459
17977
18141
18135
417
14983
26323
67231
49096
78266
85768
68292
92679
91682
267
72863
1232
2988
20795
99247
40501
30743
56082
25335
64081
22156
20592
96606
53762
4353
25713
28369
70372
10134
51411
85021
30202
45437
2774
3302
27116
10879
1418
92784
50770
80866
17345
85047
20704
89668
65974
12083
95452
23738
9608
73271
51855
69141
11226
68400
90989
396
50029
171
38132
4679
98766
8872
31309
67670
40736
11320
97227
23996
49073
9406
55782
98895
35313
99884
87080
57531
21686
52740
38194
76379
44868
83227
74166
90513
71382
1991
50652
13645
46476
21409
80816
55815
24553
95164
53285
30482
38149
76898
56753
36186
88680
58152
87788
14670
22021
30980
60349
26460
38775
92372
56483
26927
52136
15265
98189
75938
21555
7485
2014
63071
22814
5891
62025
39259
66968
71444
83969
13949
434
89445
92598
64895
35889
46352
54285
17829
23634
60857
81231
11119
75223
2076
81462
62823
7772
9321
48461
75801
10056
3935
69679
4092
34155
86772
9
78619
4791
58802
89405
48077
13161
74067
75554
19228
28837
43938
10675
37792
47518
76067
93437
29509
56922
66713
16033
49559
1790
25615
89677
57491
7273
77954
30987
52724
18829
56487
10100
16096
52319
53487
83150
97337
6367
71491
20966
93175
38563
61512
53151
94266
86581
91830
28663
51260
71177
86774
77658
3633
19454
5056
90664
82044
97408
8584
5308
66386
20707
86195
64316
49380
55028
3553
9941
49340
32983
17931
69488
69922
21058
56645
92895
12501
90738
98193
55030
5245
81468
44551
70591
53852
11384
96472
95119
65285
20869
49302
96233
90791
51070
36739
70199
10934
8096
49660
28438
10280
88987
31275
3939
98205
34535
